1 0.012677
2 0.000090
3 0.000075
4 0.000078
5 0.000062
6 0.000063
7 0.000062
8 0.000061
9 0.000088
10 0.000078
11 0.000083
12 0.000063
13 0.000061
14 0.000063
15 0.000071
16 0.001785
17 0.000401
18 0.000296
19 0.000253
20 0.000225
21 0.000417
22 0.000393
23 0.000470
24 0.000263
25 0.000208
26 0.001144
27 0.000939
28 0.000363
29 0.000235
30 0.000076
31 0.000075
32 0.000078
33 0.000088
34 0.000157
35 0.000600
36 0.000212
37 0.000078
38 0.000077
39 0.000097
40 0.000078
41 0.000188
42 0.000506
43 0.000082
44 0.000234
45 0.000117
46 0.000257
47 0.000215
48 0.000208
49 0.000164
50 0.000287
51 0.000081
52 0.000099
53 0.000274
54 0.000258
55 0.000492
56 0.000199
57 0.000246
58 0.000192
59 0.000084
60 0.000178
61 0.000177
62 0.000152
63 0.000332
64 0.000347
65 0.000275
66 0.000092
67 0.000206
68 0.000229
69 0.000632
70 0.000082
71 0.000081
72 0.000380
73 0.001573
74 0.000532
75 0.000084
76 0.000338
77 0.000232
78 0.000170
79 0.000561
80 0.000673
81 0.000084
82 0.000082
83 0.000194
84 0.000083
85 0.000124
86 0.000223
87 0.000083
88 0.000082
89 0.000082
90 0.000330
91 0.000268
92 0.000084
93 0.000082
94 0.000081
95 0.000922
96 0.000097
97 0.000312
98 0.000096
99 0.000083
100 0.000195
101 0.000222
102 0.000203
103 0.000087
104 0.000100
105 0.000114
106 0.000120
107 0.000127
108 0.000150
109 0.000090
110 0.000087
111 0.000087
112 0.000138
113 0.000108
114 0.000167
115 0.000087
116 0.000158
117 0.000366
118 0.000268
119 0.000182
120 0.000286
121 0.000545
122 0.000083
123 0.000366
124 0.000200
125 0.000198
126 0.000200
127 0.000223
128 0.004934
129 0.000091
130 0.000342
131 0.000415
132 0.000288
133 0.000159
134 0.000220
135 0.000496
136 0.000260
137 0.000136
138 0.000148
139 0.000153
140 0.000268
141 0.000277
142 0.000463
143 0.000110
144 0.000090
145 0.000405
146 0.000087
147 0.000382
148 0.000277
149 0.000460
150 0.000175
151 0.000367
152 0.000341
153 0.000264
154 0.000346
155 0.000363
156 0.000467
157 0.000198
158 0.000372
159 0.000287
160 0.000244
161 0.000308
162 0.000432
163 0.000291
164 0.000175
165 0.000101
166 0.000310
167 0.000201
168 0.000089
169 0.000186
170 0.000108
171 0.000112
172 0.000225
173 0.000154
174 0.000115
175 0.000108
176 0.000509
177 0.000521
178 0.000505
179 0.004251
180 0.000326
181 0.000554
182 0.000509
183 0.000753
184 0.000674
185 0.000675
186 0.000420
187 0.000444
188 0.000317
189 0.000391
190 0.000220
191 0.000272
192 0.001092
193 0.000391
194 0.000527
195 0.000380
196 0.000638
197 0.000363
198 0.001079
199 0.000401
200 0.000808
201 0.000520
202 0.000358
203 0.000717
204 0.000474
205 0.000555
206 0.000508
207 0.000329
208 0.000519
209 0.000370
210 0.000532
211 0.000455
212 0.000503
213 0.000564
214 0.000392
215 0.000396
216 0.000691
217 0.000341
218 0.000421
219 0.000665
220 0.000484
221 0.000497
222 0.000452
223 0.000379
224 0.000371
225 0.000296
226 0.000815
227 0.000475
228 0.000554
229 0.000521
230 0.000363
231 0.000993
232 0.000527
233 0.000507
234 0.000388
235 0.000511
236 0.000297
237 0.000278
238 0.000343
239 0.000567
240 0.000606
241 0.000458
242 0.000370
243 0.000333
244 0.000314
245 0.000358
246 0.000491
247 0.000387
248 0.000392
249 0.000389
250 0.000411
251 0.000318
252 0.000338
253 0.000360
254 0.000320
255 0.000291
256 0.000735
257 0.000443
258 0.000316
259 0.000230
260 0.000551
261 0.000258
262 0.000292
263 0.000281
264 0.000366
265 0.000477
266 0.000230
267 0.000232
268 0.000377
269 0.000251
270 0.000239
271 0.000531
272 0.000313
273 0.000293
274 0.000316
275 0.000287
276 0.000249
277 0.000451
278 0.000290
279 0.000313
280 0.000335
281 0.000276
282 0.000492
283 0.000276
284 0.000270
285 0.000368
286 0.000318
287 0.000438
288 0.000375
289 0.000348
290 0.000258
291 0.000596
292 0.000305
293 0.000378
294 0.000288
295 0.000225
296 0.000522
297 0.000260
298 0.000260
299 0.000442
300 0.000277
301 0.000322
302 0.000290
303 0.000326
304 0.000393
305 0.000242
306 0.000261
307 0.000315
308 0.000272
309 0.000377
310 0.000277
311 0.000248
312 0.000579
313 0.000247
314 0.000442
315 0.000248
316 0.000236
317 0.000426
318 0.000400
319 0.000239
320 0.000374
321 0.000272
322 0.000237
323 0.000274
324 0.000277
325 0.000289
326 0.000240
327 0.000285
328 0.001188
329 0.000537
330 0.000426
331 0.000391
332 0.000599
333 0.000542
334 0.000486
335 0.000539
336 0.000632
337 0.000439
338 0.000448
339 0.000716
340 0.000452
341 0.000333
342 0.000400
343 0.000558
344 0.000410
345 0.000221
346 0.000488
347 0.000418
348 0.000534
349 0.000505
350 0.000385
351 0.000599
352 0.000416
353 0.000463
354 0.000532
355 0.000405
356 0.001354
357 0.000618
358 0.000439
359 0.000324
360 0.000229
361 0.000710
362 0.000624
363 0.000748
364 0.000844
365 0.001078
366 0.000454
367 0.001043
368 0.000474
369 0.000730
370 0.000466
371 0.000486
372 0.000605
373 0.001242
374 0.000996
375 0.000318
376 0.000808
377 0.000801
378 0.000749
379 0.000702
380 0.000577
381 0.000816
382 0.000989
383 0.000613
384 0.000635
385 0.000595
386 0.000718
387 0.001066
388 0.000362
389 0.001152
390 0.000702
391 0.000500
392 0.000679
393 0.000379
394 0.000772
395 0.000298
396 0.001857
397 0.000726
398 0.000504
399 0.000212
400 0.000744
401 0.000395
402 0.000965
403 0.000582
404 0.000335
405 0.000905
406 0.000732
407 0.000720
408 0.000556
409 0.000486
410 0.000828
411 0.000661
412 0.000572
413 0.000459
414 0.001448
415 0.000760
416 0.001274
417 0.000822
418 0.000431
419 0.000946
420 0.000249
421 0.000368
422 0.000647
423 0.000311
424 0.000821
425 0.000812
426 0.000670
427 0.000344
428 0.000414
429 0.000318
430 0.000594
431 0.000850
432 0.000514
433 0.000642
434 0.001270
435 0.000466
436 0.000787
437 0.000450
438 0.000736
439 0.000367
440 0.000608
441 0.000442
442 0.001120
443 0.000581
444 0.000738
445 0.000357
446 0.000302
447 0.000495
448 0.000451
449 0.000412
450 0.000419
451 0.000443
452 0.000548
453 0.000603
454 0.000405
455 0.000507
456 0.000778
457 0.000524
458 0.000393
459 0.000505
460 0.000713
461 0.000372
462 0.000368
463 0.000401
464 0.000424
465 0.000326
466 0.000809
467 0.000465
468 0.000425
469 0.000893
470 0.000679
471 0.000651
472 0.000322
473 0.000652
474 0.000509
475 0.000475
476 0.000628
477 0.000487
478 0.000342
479 0.000455
480 0.000888
481 0.000282
482 0.000237
483 0.000714
484 0.000329
485 0.000554
486 0.000253
487 0.000622
488 0.000364
489 0.000351
490 0.000375
491 0.000636
492 0.000326
493 0.000501
494 0.000453
495 0.000542
496 0.000438
497 0.000503
498 0.000382
499 0.000336
500 0.000468
501 0.000377
502 0.000485
503 0.000280
504 0.000488
505 0.000300
506 0.000575
507 0.000369
508 0.000702
509 0.000725
510 0.001365
511 0.000543
512 0.000435
513 0.000475
514 0.000480
515 0.002109
516 0.000836
517 0.000525
518 0.000365
519 0.000499
520 0.000398
521 0.000544
522 0.000501
523 0.000442
524 0.000770
525 0.000584
526 0.000510
527 0.000470
528 0.000557
529 0.000375
530 0.000364
531 0.000583
532 0.000401
533 0.000340
534 0.000546
535 0.000445
536 0.000601
537 0.000434
538 0.000440
539 0.000389
540 0.000931
541 0.000399
542 0.000493
543 0.000586
544 0.000550
545 0.000501
546 0.000541
547 0.000765
548 0.000374
549 0.000716
550 0.000418
551 0.000570
552 0.000414
553 0.000544
554 0.000336
555 0.000411
556 0.000398
557 0.000365
558 0.000856
559 0.000484
560 0.000480
561 0.000477
562 0.000559
563 0.000506
564 0.000395
565 0.000502
566 0.000452
567 0.000470
568 0.000419
569 0.000606
570 0.000648
571 0.000526
572 0.000554
573 0.000672
574 0.000527
575 0.000515
576 0.000558
577 0.000496
578 0.000374
579 0.000457
580 0.000612
581 0.000645
582 0.000453
583 0.000490
584 0.000526
585 0.000245
586 0.000376
587 0.000419
588 0.000550
589 0.000408
590 0.000470
591 0.000386
592 0.000590
593 0.000381
594 0.000429
595 0.000479
596 0.000548
597 0.000461
598 0.000388
599 0.000688
600 0.001045
601 0.000836
602 0.000503
603 0.000898
604 0.000437
605 0.000429
606 0.000569
607 0.000960
608 0.000570
609 0.000278
610 0.000372
611 0.000420
612 0.000263
613 0.000467
614 0.000522
615 0.000470
616 0.000917
617 0.000518
618 0.000468
619 0.000438
620 0.000613
621 0.000329
622 0.000397
623 0.000317
624 0.000506
625 0.000370
626 0.000425
627 0.000386
628 0.000286
629 0.000428
630 0.000206
631 0.000310
632 0.000753
633 0.000813
634 0.000409
635 0.000608
636 0.000341
637 0.000387
638 0.000242
639 0.000448
640 0.000249
641 0.000257
642 0.000312
643 0.000296
644 0.000276
645 0.000408
646 0.000219
647 0.000283
648 0.000397
649 0.000424
650 0.000256
651 0.000324
652 0.000349
653 0.000415
654 0.000347
655 0.000255
656 0.000470
657 0.000368
658 0.000578
659 0.000304
660 0.000336
661 0.000380
662 0.000286
663 0.000367
664 0.000312
665 0.000313
666 0.000299
667 0.000391
668 0.000386
669 0.000411
670 0.000324
671 0.000269
672 0.000229
673 0.000413
674 0.000271
675 0.000301
676 0.000363
677 0.000289
678 0.000303
679 0.000318
680 0.000403
681 0.000256
682 0.000319
683 0.000385
684 0.000454
685 0.001946
686 0.000313
687 0.000274
688 0.000334
689 0.000430
690 0.000577
691 0.000325
692 0.000296
693 0.000317
694 0.000387
695 0.000325
696 0.000334
697 0.000414
698 0.000337
699 0.000403
700 0.000341
701 0.000370
702 0.000321
703 0.000345
704 0.000370
705 0.000426
706 0.000422
707 0.000279
708 0.000313
709 0.000709
710 0.000262
711 0.000235
712 0.000236
713 0.000254
714 0.000252
715 0.000714
716 0.000431
717 0.000326
718 0.000248
719 0.000445
720 0.000228
721 0.000254
722 0.000386
723 0.000282
724 0.000249
725 0.000508
726 0.000336
727 0.000470
728 0.000244
729 0.000297
730 0.000320
731 0.000317
732 0.000648
733 0.000333
734 0.001178
735 0.000789
736 0.000728
737 0.000441
738 0.000337
739 0.000586
740 0.000648
741 0.000465
742 0.000694
743 0.000687
744 0.000578
745 0.000922
746 0.000763
747 0.000711
748 0.001576
749 0.000431
750 0.000745
751 0.000851
752 0.000347
753 0.000192
754 0.000357
755 0.000250
756 0.000251
757 0.000335
758 0.000263
759 0.000241
760 0.000296
761 0.000770
762 0.000505
763 0.001075
764 0.000611
765 0.000662
766 0.000437
767 0.000370
768 0.000434
769 0.000291
770 0.000451
771 0.000999
772 0.001648
773 0.000333
774 0.000330
775 0.000416
776 0.000279
777 0.000972
778 0.001224
779 0.000969
780 0.000654
781 0.000954
782 0.000497
783 0.000439
784 0.001290
785 0.000667
786 0.000845
787 0.000984
788 0.000936
789 0.001128
790 0.001019
791 0.000462
792 0.001560
793 0.000436
794 0.001488
795 0.001396
796 0.001277
797 0.000878
798 0.000451
799 0.000795
800 0.000312
801 0.000458
802 0.000436
803 0.000698
804 0.000429
805 0.000414
806 0.000549
807 0.000725
808 0.000877
809 0.000465
810 0.001140
811 0.000878
812 0.000380
813 0.000524
814 0.000532
815 0.000431
816 0.000540
817 0.000762
818 0.000812
819 0.000786
820 0.000727
821 0.000444
822 0.000593
823 0.000273
824 0.000530
825 0.000466
826 0.000725
827 0.000424
828 0.000324
829 0.000525
830 0.000582
831 0.000440
832 0.001004
833 0.000515
834 0.000497
835 0.000420
836 0.000486
837 0.001212
838 0.001165
839 0.000636
840 0.000572
841 0.000555
842 0.000577
843 0.000517
844 0.000336
845 0.000387
846 0.000360
847 0.001000
848 0.000389
849 0.000760
850 0.001067
851 0.000370
852 0.000825
853 0.000534
854 0.000490
855 0.000460
856 0.000504
857 0.000380
858 0.000485
859 0.000566
860 0.000613
861 0.000456
862 0.000446
863 0.000357
864 0.000935
865 0.000354
866 0.000493
867 0.000577
868 0.000670
869 0.000717
870 0.000624
871 0.000653
872 0.000343
873 0.000311
874 0.000571
875 0.000692
876 0.000707
877 0.000588
878 0.000876
879 0.000950
880 0.000303
881 0.000635
882 0.000721
883 0.000546
884 0.000746
885 0.000448
886 0.000304
887 0.000653
888 0.000570
889 0.000717
890 0.000568
891 0.000459
892 0.000542
893 0.000471
894 0.000415
895 0.000610
896 0.000475
897 0.000486
898 0.000383
899 0.000667
900 0.000381
901 0.000523
902 0.000603
903 0.000648
904 0.000825
905 0.000867
906 0.000420
907 0.000428
908 0.000563
909 0.000600
910 0.000907
911 0.000400
912 0.000595
913 0.000289
914 0.000409
915 0.000566
916 0.000583
917 0.000374
918 0.000802
919 0.000411
920 0.000480
921 0.000432
922 0.000752
923 0.000338
924 0.000774
925 0.000429
926 0.000470
927 0.000465
928 0.000651
929 0.000615
930 0.001210
931 0.000274
932 0.000628
933 0.000888
934 0.000361
935 0.000561
936 0.000481
937 0.000549
938 0.000518
939 0.000569
940 0.000363
941 0.000413
942 0.000467
943 0.000302
944 0.000493
945 0.000781
946 0.000646
947 0.000422
948 0.000426
949 0.000595
950 0.000747
951 0.000420
952 0.000506
953 0.000423
954 0.000662
955 0.000432
956 0.000633
957 0.000511
958 0.000674
959 0.000416
960 0.000922
961 0.000730
962 0.000694
963 0.000485
964 0.000410
965 0.000519
966 0.000503
967 0.000548
968 0.000323
969 0.000485
970 0.000626
971 0.000536
972 0.000824
973 0.000761
974 0.000396
975 0.000267
976 0.000423
977 0.000886
978 0.000543
979 0.000398
980 0.000519
981 0.000449
982 0.000513
983 0.000581
984 0.000464
985 0.000470
986 0.000497
987 0.000701
988 0.000475
989 0.000447
990 0.000546
991 0.000527
992 0.000551
993 0.000708
994 0.000484
995 0.000531
996 0.000600
997 0.000620
998 0.000367
999 0.000430
1000 0.000372
