1 0.008839
2 0.000051
3 0.000058
4 0.000050
5 0.000048
6 0.000040
7 0.000053
8 0.000041
9 0.000039
10 0.000056
11 0.000056
12 0.000047
13 0.000042
14 0.000048
15 0.000053
16 0.000050
17 0.000049
18 0.000061
19 0.000048
20 0.000189
21 0.000041
22 0.000041
23 0.000040
24 0.000258
25 0.000051
26 0.000054
27 0.000056
28 0.000050
29 0.000084
30 0.000051
31 0.000054
32 0.000041
33 0.000037
34 0.000061
35 0.000050
36 0.000061
37 0.000049
38 0.000043
39 0.000050
40 0.000050
41 0.000063
42 0.000042
43 0.000033
44 0.000031
45 0.000031
46 0.000031
47 0.000030
48 0.000030
49 0.000030
50 0.000032
51 0.000042
52 0.000051
53 0.000062
54 0.000066
55 0.000034
56 0.000063
57 0.000050
58 0.000052
59 0.000045
60 0.000050
61 0.000063
62 0.000042
63 0.000053
64 0.000050
65 0.000053
66 0.000048
67 0.000058
68 0.000044
69 0.000051
70 0.000051
71 0.000044
72 0.000044
73 0.000051
74 0.000058
75 0.000051
76 0.000052
77 0.000057
78 0.000072
79 0.000051
80 0.000055
81 0.000065
82 0.000043
83 0.000058
84 0.000051
85 0.000051
86 0.000057
87 0.000044
88 0.000050
89 0.000062
90 0.000058
91 0.000036
92 0.000071
93 0.000061
94 0.000161
95 0.000119
96 0.000037
97 0.000172
98 0.000036
99 0.000133
100 0.000152
101 0.000106
102 0.000028
103 0.000114
104 0.000037
105 0.000152
106 0.000111
107 0.000147
108 0.000171
109 0.000035
110 0.000034
111 0.000035
112 0.000038
113 0.000035
114 0.000045
115 0.000342
116 0.000337
117 0.000116
118 0.000055
119 0.000035
120 0.000037
121 0.000461
122 0.000039
123 0.000047
124 0.000060
125 0.000056
126 0.000054
127 0.000035
128 0.000034
129 0.000034
130 0.000034
131 0.000036
132 0.000051
133 0.000035
134 0.000047
135 0.000035
136 0.000035
137 0.000035
138 0.000035
139 0.000034
140 0.000059
141 0.000053
142 0.000038
143 0.000035
144 0.000094
145 0.000070
146 0.000054
147 0.000058
148 0.000036
149 0.000035
150 0.000035
151 0.000036
152 0.000047
153 0.000053
154 0.000038
155 0.000174
156 0.000039
157 0.000038
158 0.000037
159 0.000474
160 0.000265
161 0.000157
162 0.000227
163 0.000038
164 0.000037
165 0.000035
166 0.000038
167 0.000036
168 0.000037
169 0.000036
170 0.000036
171 0.000037
172 0.000039
173 0.000398
174 0.000038
175 0.000036
176 0.000481
177 0.000039
178 0.000038
179 0.000037
180 0.000164
181 0.000049
182 0.000181
183 0.000038
184 0.000038
185 0.000172
186 0.000134
187 0.000040
188 0.000050
189 0.000048
190 0.000142
191 0.000039
192 0.000039
193 0.000427
194 0.000489
195 0.000056
196 0.000145
197 0.000132
198 0.000039
199 0.000038
200 0.000037
201 0.000039
202 0.000041
203 0.000040
204 0.000050
205 0.001401
206 0.000050
207 0.000040
208 0.000235
209 0.000040
210 0.000039
211 0.000039
212 0.000038
213 0.000038
214 0.000048
215 0.000060
216 0.000040
217 0.000040
218 0.000402
219 0.000041
220 0.000174
221 0.000279
222 0.000041
223 0.000039
224 0.000039
225 0.000048
226 0.000041
227 0.000039
228 0.000039
229 0.000039
230 0.000175
231 0.000043
232 0.000074
233 0.000049
234 0.000057
235 0.000039
236 0.000211
237 0.000061
238 0.000144
239 0.000040
240 0.000040
241 0.000390
242 0.000042
243 0.000315
244 0.000224
245 0.000145
246 0.000050
247 0.000043
248 0.000042
249 0.000141
250 0.000151
251 0.000159
252 0.000042
253 0.000160
254 0.000041
255 0.000167
256 0.000053
257 0.000138
258 0.000252
259 0.000160
260 0.000042
261 0.000200
262 0.000156
263 0.000137
264 0.000059
265 0.000043
266 0.000041
267 0.000155
268 0.000061
269 0.000194
270 0.000335
271 0.000163
272 0.000061
273 0.000609
274 0.000145
275 0.000042
276 0.000042
277 0.000185
278 0.000474
279 0.000149
280 0.000223
281 0.000149
282 0.000152
283 0.000302
284 0.000994
285 0.000129
286 0.000044
287 0.000041
288 0.000042
289 0.000059
290 0.000360
291 0.000045
292 0.000112
293 0.000184
294 0.000045
295 0.000045
296 0.000046
297 0.000045
298 0.000044
299 0.000045
300 0.000144
301 0.000045
302 0.000123
303 0.000134
304 0.000254
305 0.000044
306 0.000136
307 0.000052
308 0.000145
309 0.000307
310 0.000111
311 0.000043
312 0.000042
313 0.000044
314 0.000148
315 0.000150
316 0.000165
317 0.000126
318 0.000393
319 0.000045
320 0.000194
321 0.000124
322 0.000111
323 0.000100
324 0.000375
325 0.000122
326 0.000111
327 0.000097
328 0.000045
329 0.000092
330 0.000049
331 0.000117
332 0.000106
333 0.000042
334 0.000304
335 0.000042
336 0.000127
337 0.000112
338 0.000189
339 0.000140
340 0.000258
341 0.000103
342 0.000101
343 0.000045
344 0.000045
345 0.000056
346 0.000106
347 0.000117
348 0.000100
349 0.000364
350 0.000132
351 0.000102
352 0.000163
353 0.000131
354 0.000117
355 0.000113
356 0.000106
357 0.000193
358 0.000123
359 0.000106
360 0.000157
361 0.000057
362 0.000066
363 0.000065
364 0.000072
365 0.000067
366 0.000054
367 0.000053
368 0.000054
369 0.000061
370 0.000060
371 0.000047
372 0.000046
373 0.000112
374 0.000124
375 0.000116
376 0.000120
377 0.000058
378 0.000118
379 0.000104
380 0.000118
381 0.000120
382 0.000056
383 0.000115
384 0.000146
385 0.000103
386 0.000150
387 0.000165
388 0.000121
389 0.000170
390 0.000101
391 0.000047
392 0.000047
393 0.000491
394 0.000103
395 0.000065
396 0.000119
397 0.000171
398 0.000130
399 0.000110
400 0.000109
401 0.000141
402 0.000110
403 0.000112
404 0.000096
405 0.000126
406 0.000082
407 0.000113
408 0.000147
409 0.000110
410 0.000372
411 0.000206
412 0.000108
413 0.000374
414 0.000091
415 0.000075
416 0.000070
417 0.000079
418 0.000088
419 0.000076
420 0.000078
421 0.000080
422 0.000065
423 0.000050
424 0.000048
425 0.000049
426 0.000047
427 0.000048
428 0.000047
429 0.000047
430 0.000047
431 0.000048
432 0.000049
433 0.000048
434 0.000047
435 0.000048
436 0.000049
437 0.000048
438 0.000049
439 0.000058
440 0.000048
441 0.000049
442 0.000048
443 0.000049
444 0.000047
445 0.000048
446 0.000442
447 0.000051
448 0.000049
449 0.000049
450 0.000059
451 0.000059
452 0.000050
453 0.000051
454 0.000049
455 0.000048
456 0.000060
457 0.000048
458 0.000050
459 0.000049
460 0.000050
461 0.000049
462 0.000049
463 0.000060
464 0.000049
465 0.000049
466 0.000061
467 0.000051
468 0.000050
469 0.000050
470 0.000051
471 0.000049
472 0.000049
473 0.000049
474 0.000049
475 0.000049
476 0.000058
477 0.000053
478 0.000050
479 0.000051
480 0.000049
481 0.000049
482 0.000050
483 0.000062
484 0.000050
485 0.000051
486 0.000051
487 0.000050
488 0.000050
489 0.000050
490 0.000061
491 0.000050
492 0.000050
493 0.000052
494 0.000050
495 0.000050
496 0.000051
497 0.000051
498 0.000050
499 0.000119
500 0.000052
501 0.000052
502 0.000063
503 0.000053
504 0.000051
505 0.000051
506 0.000051
507 0.000052
508 0.000051
509 0.000063
510 0.000051
511 0.000051
512 0.000051
513 0.000052
514 0.000051
515 0.000051
516 0.000061
517 0.000051
518 0.000051
519 0.000051
520 0.000052
521 0.000052
522 0.000052
523 0.000052
524 0.000053
525 0.000053
526 0.000053
527 0.000052
528 0.000053
529 0.000063
530 0.000052
531 0.000052
532 0.000053
533 0.000053
534 0.000051
535 0.000051
536 0.000054
537 0.000054
538 0.000053
539 0.000065
540 0.000053
541 0.000053
542 0.000063
543 0.000053
544 0.000066
545 0.000053
546 0.000053
547 0.000053
548 0.000065
549 0.000053
550 0.000054
551 0.000084
552 0.000056
553 0.000053
554 0.000054
555 0.000053
556 0.000054
557 0.000053
558 0.000053
559 0.000053
560 0.000063
561 0.000053
562 0.000055
563 0.000054
564 0.000054
565 0.000053
566 0.000054
567 0.000052
568 0.000055
569 0.000053
570 0.000053
571 0.000053
572 0.000054
573 0.000066
574 0.000054
575 0.000054
576 0.000055
577 0.000056
578 0.000054
579 0.000054
580 0.000055
581 0.000054
582 0.000055
583 0.000053
584 0.000053
585 0.000054
586 0.000065
587 0.000054
588 0.000054
589 0.000055
590 0.000056
591 0.000055
592 0.000052
593 0.000054
594 0.000055
595 0.000054
596 0.000055
597 0.000055
598 0.000055
599 0.000062
600 0.000057
601 0.000110
602 0.000058
603 0.000056
604 0.000065
605 0.000045
606 0.000044
607 0.000044
608 0.000044
609 0.000044
610 0.000044
611 0.000044
612 0.000065
613 0.000061
614 0.000049
615 0.000044
616 0.000044
617 0.000044
618 0.000044
619 0.000058
620 0.000056
621 0.000051
622 0.000045
623 0.000044
624 0.000044
625 0.000044
626 0.000044
627 0.000056
628 0.000059
629 0.000060
630 0.000053
631 0.000045
632 0.000045
633 0.000065
634 0.000057
635 0.000048
636 0.000045
637 0.000044
638 0.000045
639 0.000045
640 0.000065
641 0.000057
642 0.000060
643 0.000055
644 0.000045
645 0.000045
646 0.000045
647 0.000054
648 0.000057
649 0.000047
650 0.000046
651 0.000045
652 0.000046
653 0.000045
654 0.000061
655 0.000058
656 0.000058
657 0.000260
658 0.000059
659 0.000058
660 0.000047
661 0.000046
662 0.000046
663 0.000046
664 0.000046
665 0.000061
666 0.000075
667 0.000062
668 0.000060
669 0.000047
670 0.000047
671 0.000055
672 0.000058
673 0.000056
674 0.000047
675 0.000046
676 0.000046
677 0.000046
678 0.000060
679 0.000059
680 0.000060
681 0.000061
682 0.000048
683 0.000047
684 0.000059
685 0.000047
686 0.000047
687 0.000047
688 0.000047
689 0.000046
690 0.000047
691 0.000047
692 0.000067
693 0.000059
694 0.000062
695 0.000060
696 0.000047
697 0.000047
698 0.000058
699 0.000048
700 0.000047
701 0.000047
702 0.000047
703 0.000047
704 0.000047
705 0.000047
706 0.000160
707 0.000059
708 0.000123
709 0.000057
710 0.000049
711 0.000060
712 0.000050
713 0.000047
714 0.000049
715 0.000049
716 0.000048
717 0.000048
718 0.001569
719 0.000049
720 0.000048
721 0.000048
722 0.000048
723 0.000049
724 0.000049
725 0.000066
726 0.000060
727 0.000062
728 0.000063
729 0.000048
730 0.000048
731 0.000048
732 0.000050
733 0.000049
734 0.000048
735 0.000048
736 0.000049
737 0.000048
738 0.000049
739 0.000066
740 0.000061
741 0.000064
742 0.000054
743 0.000049
744 0.000049
745 0.000051
746 0.000049
747 0.000048
748 0.000049
749 0.000049
750 0.000049
751 0.000049
752 0.000066
753 0.000061
754 0.000061
755 0.000065
756 0.000053
757 0.000049
758 0.000060
759 0.000050
760 0.000049
761 0.000049
762 0.000049
763 0.000049
764 0.000049
765 0.000049
766 0.000063
767 0.000063
768 0.000063
769 0.000064
770 0.000060
771 0.000050
772 0.000052
773 0.000050
774 0.000049
775 0.000050
776 0.000050
777 0.000049
778 0.000050
779 0.000084
780 0.000063
781 0.000068
782 0.000051
783 0.000050
784 0.000050
785 0.000064
786 0.000051
787 0.000050
788 0.000050
789 0.000050
790 0.000050
791 0.000050
792 0.000066
793 0.000063
794 0.000065
795 0.000111
796 0.000052
797 0.000061
798 0.000052
799 0.000051
800 0.000051
801 0.000050
802 0.000050
803 0.000051
804 0.000051
805 0.000065
806 0.000064
807 0.000069
808 0.000052
809 0.000051
810 0.000051
811 0.000062
812 0.000051
813 0.000051
814 0.000051
815 0.000051
816 0.000051
817 0.000051
818 0.000164
819 0.000064
820 0.000065
821 0.000068
822 0.000052
823 0.000051
824 0.000062
825 0.000052
826 0.000051
827 0.000052
828 0.000052
829 0.000051
830 0.000051
831 0.000070
832 0.000064
833 0.000068
834 0.000058
835 0.000052
836 0.000052
837 0.000067
838 0.000053
839 0.000052
840 0.000052
841 0.000052
842 0.000052
843 0.000052
844 0.000057
845 0.000066
846 0.000066
847 0.000106
848 0.000053
849 0.000053
850 0.000064
851 0.000053
852 0.000053
853 0.000053
854 0.000053
855 0.000053
856 0.000053
857 0.000067
858 0.000066
859 0.000070
860 0.000058
861 0.000053
862 0.000053
863 0.000055
864 0.000053
865 0.000053
866 0.000053
867 0.000053
868 0.000053
869 0.000053
870 0.000068
871 0.000069
872 0.000060
873 0.000053
874 0.000053
875 0.000053
876 0.000059
877 0.000054
878 0.000053
879 0.000053
880 0.000053
881 0.000053
882 0.000064
883 0.000068
884 0.000068
885 0.000073
886 0.000054
887 0.000054
888 0.000068
889 0.000066
890 0.000062
891 0.000056
892 0.000054
893 0.000054
894 0.000072
895 0.000068
896 0.000067
897 0.000127
898 0.000065
899 0.000056
900 0.000054
901 0.000062
902 0.000055
903 0.000066
904 0.000067
905 0.000069
906 0.000068
907 0.000070
908 0.000063
909 0.000055
910 0.000077
911 0.000064
912 0.000055
913 0.000054
914 0.000055
915 0.000055
916 0.000055
917 0.000077
918 0.000069
919 0.000070
920 0.000074
921 0.000056
922 0.000066
923 0.000056
924 0.000055
925 0.000055
926 0.000055
927 0.000055
928 0.000055
929 0.000076
930 0.000074
931 0.000056
932 0.000055
933 0.000055
934 0.000056
935 0.000067
936 0.000056
937 0.000056
938 0.000056
939 0.000055
940 0.000056
941 0.000056
942 0.000171
943 0.000071
944 0.000197
945 0.000057
946 0.000067
947 0.000056
948 0.000056
949 0.000056
950 0.000056
951 0.000056
952 0.000068
953 0.000072
954 0.000070
955 0.000073
956 0.000063
957 0.000056
958 0.000059
959 0.000056
960 0.000056
961 0.000056
962 0.000056
963 0.000056
964 0.000072
965 0.000072
966 0.000072
967 0.000077
968 0.000057
969 0.000057
970 0.000067
971 0.000057
972 0.000057
973 0.000057
974 0.000057
975 0.000057
976 0.000068
977 0.000072
978 0.000070
979 0.000072
980 0.000076
981 0.000061
982 0.000062
983 0.000058
984 0.000058
985 0.000057
986 0.000058
987 0.000057
988 0.000075
989 0.000071
990 0.000073
991 0.000145
992 0.000176
993 0.000119
994 0.000105
995 0.000170
996 0.000151
997 0.000120
998 0.000108
999 0.000104
1000 0.000104
