1 0.227382
2 0.918066
3 0.597497
4 0.488343
5 0.479629
6 0.475753
7 0.364016
8 0.339198
9 0.313535
10 0.375986
11 0.305940
12 0.289475
13 0.297942
14 0.300697
15 0.317055
16 0.297298
17 0.288232
18 0.314112
19 0.312144
20 0.282116
21 0.294029
22 0.295997
23 0.299884
24 0.316704
25 0.306705
26 0.318202
27 0.283929
28 0.295091
29 0.340348
30 0.297346
31 0.296963
32 0.333483
33 0.317839
34 0.291383
35 0.285935
36 0.307671
37 0.290501
38 0.286235
39 0.288023
40 0.285237
41 0.297698
42 0.278683
43 0.288514
44 0.280313
45 0.289391
46 0.276801
47 0.290213
48 0.284912
49 0.310285
50 0.295494
51 0.269422
52 0.298245
53 0.290579
54 0.285070
55 0.288362
56 0.296865
57 0.303058
58 0.275520
59 0.310437
60 0.279360
61 0.269218
62 0.278769
63 0.283203
64 0.272658
65 0.278340
66 0.294795
67 0.291633
68 0.302783
69 0.275703
70 0.284512
71 0.295341
72 0.279131
73 0.268794
74 0.269859
75 0.306362
76 0.282458
77 0.275240
78 0.283983
79 0.316741
80 0.291208
81 0.296975
82 0.287846
83 0.288044
84 0.278799
85 0.304902
86 0.281789
87 0.295713
88 0.287578
89 0.288634
90 0.288272
91 0.282444
92 0.286505
93 0.280912
94 0.300346
95 0.272901
96 0.284966
97 0.286756
98 0.289871
99 0.272576
100 0.293491
101 0.301045
102 0.273955
103 0.277517
104 0.272802
105 0.277092
106 0.280747
107 0.298462
108 0.283614
109 0.283526
110 0.282517
111 0.275336
112 0.291652
113 0.275349
114 0.292084
115 0.275778
116 0.292908
117 0.283289
118 0.284235
119 0.302969
120 0.273378
121 0.306548
122 0.308022
123 0.289497
124 0.295775
125 0.274810
126 0.287915
127 0.285302
128 0.277623
129 0.282946
130 0.262591
131 0.285643
132 0.277286
133 0.295065
134 0.276304
135 0.296523
136 0.278745
137 0.271419
138 0.279092
139 0.276700
140 0.293844
141 0.277318
142 0.304683
143 0.285888
144 0.283024
145 0.306669
146 0.282397
147 0.285839
148 0.285007
149 0.279671
150 0.278815
151 0.293909
152 0.308853
153 0.274710
154 0.275957
155 0.285541
156 0.272724
157 0.306455
158 0.268984
159 0.334611
160 0.279187
161 0.305545
162 0.284134
163 0.287102
164 0.271672
165 0.287880
166 0.307354
167 0.274161
168 0.300638
169 0.296001
170 0.291499
171 0.279232
172 0.334203
173 0.308828
174 0.321548
175 0.270304
176 0.282895
177 0.268940
178 0.300925
179 0.266380
180 0.322235
181 0.296620
182 0.300542
183 0.324547
184 0.287445
185 0.318428
186 0.303314
187 0.304372
188 0.288111
189 0.286613
190 0.325993
191 0.309634
192 0.283606
193 0.272744
194 0.280246
195 0.288285
196 0.292902
197 0.290581
198 0.301202
199 0.302860
200 0.275997
201 0.306589
202 0.281048
203 0.285243
204 0.317308
205 0.294969
206 0.306851
207 0.329810
208 0.279423
209 0.292800
210 0.314576
211 0.298645
212 0.326831
213 0.332830
214 0.288931
215 0.304192
216 0.288615
217 0.305813
218 0.320683
219 0.327006
220 0.331797
221 0.309221
222 0.281613
223 0.296887
224 0.294350
225 0.283606
226 0.273569
227 0.326107
228 0.306774
229 0.313660
230 0.301398
231 0.303994
232 0.309995
233 0.309920
234 0.328124
235 0.325659
236 0.309764
237 0.305426
238 0.338475
239 0.294736
240 0.312420
241 0.319302
242 0.320316
243 0.284519
244 0.332822
245 0.333026
246 0.315881
247 0.307680
248 0.278399
249 0.315072
250 0.322697
251 0.362700
252 0.322823
253 0.347338
254 0.295009
255 0.342341
256 0.327817
257 0.300380
258 0.299406
259 0.319590
260 0.292228
261 0.345181
262 0.327332
263 0.313806
264 0.285852
265 0.349026
266 0.293959
267 0.338330
268 0.293227
269 0.288615
270 0.277018
271 0.288167
272 0.292138
273 0.287644
274 0.278610
275 0.283107
276 0.277289
277 0.291838
278 0.284295
279 0.281653
280 0.296646
281 0.275320
282 0.290173
283 0.286783
284 0.291109
285 0.282175
286 0.305585
287 0.296927
288 0.276758
289 0.280523
290 0.292525
291 0.280231
292 0.289727
293 0.290730
294 0.297211
295 0.285887
296 0.297243
297 0.283837
298 0.318704
299 0.294135
300 0.283226
301 0.294974
302 0.295522
303 0.295168
304 0.290495
305 0.291302
306 0.276304
307 0.283285
308 0.285518
309 0.291431
310 0.291914
311 0.280395
312 0.296853
313 0.278474
314 0.300905
315 0.286394
316 0.278440
317 0.284260
318 0.287923
319 0.291448
320 0.291090
321 0.285176
322 0.291907
323 0.280214
324 0.281914
325 0.308065
326 0.278918
327 0.297199
328 0.280725
329 0.279912
330 0.293264
331 0.297245
332 0.278229
333 0.277842
334 0.304155
335 0.288369
336 0.305238
337 0.282278
338 0.278802
339 0.295035
340 0.287108
341 0.291505
342 0.298653
343 0.285543
344 0.281189
345 0.284791
346 0.282694
347 0.306574
348 0.308624
349 0.304744
350 0.277238
351 0.297340
352 0.304562
353 0.290552
354 0.297413
355 0.298510
356 0.281267
357 0.290737
358 0.285829
359 0.288008
360 0.285564
361 0.282615
362 0.287121
363 0.293422
364 0.292947
365 0.290550
366 0.297162
367 0.292065
368 0.286726
369 0.297492
370 0.286906
371 0.292372
372 0.292892
373 0.282055
374 0.293427
375 0.308363
376 0.288468
377 0.290012
378 0.310118
379 0.301230
380 0.290827
381 0.298512
382 0.286560
383 0.288508
384 0.305533
385 0.299505
386 0.303536
387 0.286847
388 0.296440
389 0.293955
390 0.300987
391 0.302465
392 0.286404
393 0.285147
394 0.298025
395 0.278263
396 0.319802
397 0.301520
398 0.303791
399 0.284338
400 0.287256
401 0.301853
402 0.293662
403 0.299044
404 0.299740
405 0.308665
406 0.303460
407 0.312664
408 0.302734
409 0.292178
410 0.291666
411 0.281328
412 0.296704
413 0.306991
414 0.293117
415 0.291238
416 0.298530
417 0.295167
418 0.287363
419 0.299434
420 0.318175
421 0.314719
422 0.312947
423 0.290184
424 0.302469
425 0.304782
426 0.326208
427 0.290065
428 0.290101
429 0.297363
430 0.299650
431 0.292959
432 0.307764
433 0.290574
434 0.296644
435 0.310855
436 0.300255
437 0.297833
438 0.310479
439 0.334169
440 0.300164
441 0.329493
442 0.329218
443 0.307742
444 0.304385
445 0.313509
446 0.289863
447 0.296652
448 0.291253
449 0.300305
450 0.298016
451 0.292991
452 0.304378
453 0.298887
454 0.321581
455 0.288640
456 0.300785
457 0.308823
458 0.296232
459 0.316882
460 0.324744
461 0.311219
462 0.305135
463 0.315492
464 0.327262
465 0.320888
466 0.303244
467 0.298971
468 0.359650
469 0.331525
470 0.322420
471 0.317319
472 0.309086
473 0.349447
474 0.332934
475 0.341567
476 0.307439
477 0.313568
478 0.320954
479 0.340877
480 0.317301
481 0.301352
482 0.301163
483 0.323418
484 0.322326
485 0.297901
486 0.311020
487 0.288442
488 0.287206
489 0.323888
490 0.304447
491 0.308043
492 0.309504
493 0.313829
494 0.295213
495 0.337834
496 0.341882
497 0.314724
498 0.298155
499 0.319396
500 0.301270
501 0.300703
502 0.306037
503 0.316498
504 0.327151
505 0.358683
506 0.331268
507 0.354209
508 0.352491
509 0.311914
510 0.319939
511 0.326666
512 0.328297
513 0.296676
514 0.317172
515 0.350636
516 0.325617
517 0.319172
518 0.305069
519 0.343086
520 0.298118
521 0.340803
522 0.304816
523 0.368975
524 0.305529
525 0.304214
526 0.311311
527 0.318362
528 0.296294
529 0.285849
530 0.358430
531 0.334620
532 0.324776
533 0.318631
534 0.319230
535 0.325308
536 0.320078
537 0.338515
538 0.364098
539 0.303693
540 0.328736
541 0.328363
542 0.335161
543 0.335957
544 0.340653
545 0.322868
546 0.315710
547 0.300688
548 0.317007
549 0.313658
550 0.348515
551 0.340421
552 0.292209
553 0.294495
554 0.344393
555 0.304376
556 0.323000
557 0.328851
558 0.314052
559 0.303187
560 0.359813
561 0.355292
562 0.362923
563 0.319365
564 0.313586
565 0.325931
566 0.341628
567 0.335114
568 0.335275
569 0.342321
570 0.352567
571 0.323929
572 0.331253
573 0.313141
574 0.328525
575 0.347724
576 0.314710
577 0.351033
578 0.363203
579 0.378545
580 0.342420
581 0.331483
582 0.335959
583 0.343948
584 0.327128
585 0.300402
586 0.333679
587 0.357748
588 0.345497
589 0.314890
590 0.343312
591 0.325086
592 0.321067
593 0.356181
594 0.307393
595 0.343556
596 0.318742
597 0.319939
598 0.341569
599 0.352332
600 0.351345
601 0.319629
602 0.328576
603 0.310418
604 0.331125
605 0.321116
606 0.324453
607 0.342295
608 0.364576
609 0.374863
610 0.367758
611 0.320173
612 0.370141
613 0.319897
614 0.327757
615 0.353578
616 0.320580
617 0.320640
618 0.388746
619 0.330688
620 0.312577
621 0.324673
622 0.350412
623 0.355475
624 0.359008
625 0.300942
626 0.350747
627 0.345507
628 0.335894
629 0.342667
630 0.356541
631 0.361621
632 0.330215
633 0.361912
634 0.352362
635 0.375313
636 0.328065
637 0.346314
638 0.349854
639 0.308637
640 0.324554
641 0.370484
642 0.334072
643 0.339722
644 0.372527
645 0.358385
646 0.321979
647 0.322640
648 0.338440
649 0.354408
650 0.328673
651 0.335732
652 0.360630
653 0.345947
654 0.310962
655 0.349286
656 0.322846
657 0.337229
658 0.334460
659 0.324622
660 0.337980
661 0.344605
662 0.329128
663 0.351331
664 0.319936
665 0.349522
666 0.344869
667 0.334702
668 0.340720
669 0.340401
670 0.311051
671 0.325278
672 0.338236
673 0.371720
674 0.359754
675 0.351880
676 0.353178
677 0.322594
678 0.338372
679 0.340763
680 0.345233
681 0.331390
682 0.334441
683 0.328735
684 0.327131
685 0.346393
686 0.354635
687 0.313290
688 0.333640
689 0.306403
690 0.332379
691 0.356789
692 0.357179
693 0.387799
694 0.331067
695 0.331419
696 0.349452
697 0.355897
698 0.333489
699 0.364475
700 0.353333
701 0.353074
702 0.338227
703 0.347151
704 0.348991
705 0.350096
706 0.314016
707 0.343361
708 0.352319
709 0.315997
710 0.322104
711 0.341619
712 0.332845
713 0.358870
714 0.391923
715 0.326996
716 0.344021
717 0.356295
718 0.330867
719 0.319409
720 0.350726
721 0.343178
722 0.337488
723 0.345023
724 0.321610
725 0.356508
726 0.353455
727 0.351157
728 0.334693
729 0.351048
730 0.372520
731 0.384224
732 0.352187
733 0.345196
734 0.326432
735 0.342301
736 0.338915
737 0.338318
738 0.336902
739 0.366604
740 0.337579
741 0.347826
742 0.363944
743 0.353223
744 0.352886
745 0.369388
746 0.391174
747 0.445459
748 0.411917
749 0.442414
750 0.412487
751 0.396014
752 0.368963
753 0.444594
754 0.375046
755 0.387012
756 0.378323
757 0.434038
758 0.441061
759 0.444081
760 0.437775
761 0.429914
762 0.414064
763 0.405270
764 0.390452
765 0.333855
766 0.475960
767 0.430252
768 0.469038
769 0.428071
770 0.453879
771 0.441250
772 0.498675
773 0.509046
774 0.408875
775 0.416754
776 0.396892
777 0.451053
778 0.396107
779 0.373600
780 0.338977
781 0.362647
782 0.413800
783 0.426958
784 0.399744
785 0.419057
786 0.430928
787 0.385557
788 0.427734
789 0.425532
790 0.415527
791 0.374064
792 0.363481
793 0.363868
794 0.397017
795 0.343600
796 0.474335
797 0.375179
798 0.384613
799 0.408808
800 0.412219
801 0.458449
802 0.434085
803 0.403143
804 0.368777
805 0.365460
806 0.336454
807 0.389376
808 0.408090
809 0.466803
810 0.367290
811 0.413425
812 0.370690
813 0.423601
814 0.430332
815 0.417789
816 0.424218
817 0.393993
818 0.357964
819 0.378951
820 0.373866
821 0.371868
822 0.369984
823 0.358257
824 0.362938
825 0.373295
826 0.445279
827 0.375834
828 0.367909
829 0.416754
830 0.384343
831 0.357880
832 0.391034
833 0.364376
834 0.456114
835 0.422587
836 0.413110
837 0.393530
838 0.389935
839 0.365100
840 0.351721
841 0.381775
842 0.406982
843 0.382784
844 0.383610
845 0.403993
846 0.345308
847 0.335718
848 0.375157
849 0.389311
850 0.399519
851 0.394221
852 0.418533
853 0.405622
854 0.376762
855 0.394331
856 0.353674
857 0.431098
858 0.364302
859 0.512322
860 0.443190
861 0.467271
862 0.534341
863 0.502615
864 0.480494
865 0.495796
866 0.483648
867 0.409265
868 0.413539
869 0.420037
870 0.391658
871 0.423289
872 0.444142
873 0.511805
874 0.441492
875 0.445916
876 0.407691
877 0.366790
878 0.371583
879 0.368074
880 0.406505
881 0.371967
882 0.385912
883 0.405802
884 0.400474
885 0.432782
886 0.465297
887 0.495482
888 0.396809
889 0.437860
890 0.370327
891 0.371443
892 0.468562
893 0.393951
894 0.403701
895 0.411630
896 0.394996
897 0.390152
898 0.409521
899 0.401038
900 0.382588
901 0.403438
902 0.420771
903 0.386481
904 0.406723
905 0.382059
906 0.401361
907 0.389946
908 0.349279
909 0.409187
910 0.421361
911 0.431432
912 0.453198
913 0.485102
914 0.552575
915 0.517381
916 0.509082
917 0.521079
918 0.528110
919 0.379575
920 0.470129
921 0.506344
922 0.458461
923 0.472019
924 0.481319
925 0.497431
926 0.453068
927 0.451458
928 0.396273
929 0.587977
930 0.467818
931 0.484241
932 0.506959
933 0.527885
934 0.483373
935 0.501666
936 0.459661
937 0.468115
938 0.442633
939 0.469323
940 0.463541
941 0.494617
942 0.481138
943 0.481165
944 0.392070
945 0.382556
946 0.399129
947 0.388362
948 0.389715
949 0.390116
950 0.467451
951 0.364260
952 0.388670
953 0.390643
954 0.385126
955 0.435532
956 0.389474
957 0.357994
958 0.328972
959 0.391035
960 0.435133
961 0.400698
962 0.367179
963 0.369244
964 0.456361
965 0.385016
966 0.385656
967 0.385778
968 0.384188
969 0.414726
970 0.401537
971 0.433143
972 0.426814
973 0.383612
974 0.388899
975 0.372233
976 0.406817
977 0.364379
978 0.391553
979 0.428965
980 0.368757
981 0.364711
982 0.418101
983 0.372045
984 0.376124
985 0.396727
986 0.415807
987 0.382928
988 0.378204
989 0.351950
990 0.392369
991 0.396129
992 0.364903
993 0.375686
994 0.396498
995 0.379467
996 0.371472
997 0.394373
998 0.362729
999 0.417195
1000 0.398174
