100 0.000132
100 0.000129
100 0.000131
100 0.000129
100 0.000158
100 0.000085
100 0.000219
100 0.000111
100 0.000111
100 0.000189
100 0.000367
100 0.000180
100 0.000185
100 0.000178
100 0.000130
100 0.000138
100 0.000133
100 0.000142
100 0.000137
100 0.000155
100 0.000127
100 0.000236
100 0.000133
100 0.000127
100 0.000139
100 0.000130
100 0.000128
100 0.000142
100 0.000133
100 0.000128
100 0.000120
100 0.000139
100 0.000128
100 0.000132
100 0.000133
100 0.000131
100 0.000136
100 0.000133
100 0.000127
100 0.000140
100 0.000132
100 0.000126
100 0.000139
100 0.000133
100 0.000128
100 0.000133
100 0.000133
100 0.000130
100 0.000132
100 0.000140

200 0.000625
200 0.000469
200 0.000525
200 0.000519
200 0.000524
200 0.000538
200 0.000527
200 0.000443
200 0.000655
200 0.000616
200 0.000539
200 0.000657
200 0.000606
200 0.000555
200 0.000570
200 0.000527
200 0.000535
200 0.000535
200 0.000524
200 0.000516
200 0.000531
200 0.000560
200 0.000530
200 0.000257
200 0.000522
200 0.000522
200 0.000544
200 0.000534
200 0.000383
200 0.000526
200 0.000528
200 0.000527
200 0.000621
200 0.000515
200 0.000761
200 0.000736
200 0.000548
200 0.000544
200 0.000528
200 0.001340
200 0.000529
200 0.000528
200 0.000530
200 0.000528
200 0.000546
200 0.000309
200 0.000519
200 0.000515
200 0.000526
200 0.000334

300 0.001178
300 0.001237
300 0.001150
300 0.001195
300 0.001170
300 0.000909
300 0.001269
300 0.001176
300 0.001240
300 0.001255
300 0.003359
300 0.001640
300 0.000964
300 0.001180
300 0.001596
300 0.001065
300 0.000910
300 0.000808
300 0.000841
300 0.000831
300 0.001154
300 0.001158
300 0.001194
300 0.001003
300 0.001218
300 0.001176
300 0.001645
300 0.000930
300 0.001153
300 0.001151
300 0.001224
300 0.001216
300 0.001181
300 0.001268
300 0.002022
300 0.000974
300 0.001031
300 0.001053
300 0.001152
300 0.000901
300 0.000858
300 0.000902
300 0.000872
300 0.001431
300 0.000846
300 0.000945
300 0.000858
300 0.000921
300 0.000938
300 0.000928

400 0.002098
400 0.002153
400 0.001973
400 0.002081
400 0.001873
400 0.002105
400 0.003825
400 0.002416
400 0.002115
400 0.002112
400 0.002125
400 0.001967
400 0.002822
400 0.002892
400 0.001921
400 0.002184
400 0.002694
400 0.003358
400 0.003260
400 0.001582
400 0.001599
400 0.001584
400 0.002003
400 0.001408
400 0.001474
400 0.001641
400 0.002169
400 0.001282
400 0.001669
400 0.001470
400 0.001970
400 0.002579
400 0.001995
400 0.002529
400 0.002900
400 0.001716
400 0.002809
400 0.002134
400 0.001989
400 0.002056
400 0.002182
400 0.002108
400 0.002192
400 0.002586
400 0.001864
400 0.002136
400 0.003085
400 0.001961
400 0.002701
400 0.002110

500 0.003413
500 0.002915
500 0.003565
500 0.003958
500 0.003299
500 0.004313
500 0.003763
500 0.002661
500 0.002697
500 0.002815
500 0.003332
500 0.002428
500 0.003030
500 0.002727
500 0.004114
500 0.003410
500 0.002577
500 0.004102
500 0.003301
500 0.003532
500 0.004021
500 0.002921
500 0.004264
500 0.003334
500 0.003010
500 0.004042
500 0.003060
500 0.002713
500 0.002328
500 0.002538
500 0.002747
500 0.002492
500 0.003368
500 0.002899
500 0.003169
500 0.004165
500 0.004756
500 0.002548
500 0.003019
500 0.002493
500 0.002393
500 0.002314
500 0.005322
500 0.002846
500 0.003389
500 0.003169
500 0.006548
500 0.006915
500 0.002875
500 0.002446

600 0.005372
600 0.004606
600 0.004338
600 0.005014
600 0.005420
600 0.004675
600 0.005562
600 0.003555
600 0.003312
600 0.004150
600 0.004109
600 0.004041
600 0.004350
600 0.006312
600 0.004883
600 0.006533
600 0.005531
600 0.005239
600 0.005721
600 0.004963
600 0.004645
600 0.004903
600 0.005451
600 0.004789
600 0.004004
600 0.003625
600 0.003799
600 0.003774
600 0.003808
600 0.008330
600 0.005759
600 0.004997
600 0.006175
600 0.007569
600 0.009259
600 0.004755
600 0.005544
600 0.004754
600 0.004994
600 0.005975
600 0.004945
600 0.005285
600 0.005641
600 0.004954
600 0.004951
600 0.005241
600 0.004078
600 0.004790
600 0.004527
600 0.004952

700 0.007497
700 0.007046
700 0.006535
700 0.005428
700 0.009928
700 0.007314
700 0.007708
700 0.007038
700 0.007189
700 0.006760
700 0.006892
700 0.007294
700 0.006862
700 0.007230
700 0.007631
700 0.007122
700 0.007460
700 0.007118
700 0.006649
700 0.006749
700 0.008238
700 0.007117
700 0.007015
700 0.005090
700 0.005523
700 0.005478
700 0.006171
700 0.006249
700 0.006213
700 0.005752
700 0.005010
700 0.005295
700 0.006783
700 0.007312
700 0.005285
700 0.005247
700 0.005958
700 0.005197
700 0.006001
700 0.006817
700 0.007201
700 0.004989
700 0.007936
700 0.008207
700 0.007146
700 0.007566
700 0.007603
700 0.007788
700 0.007538
700 0.005621

800 0.008018
800 0.009136
800 0.009904
800 0.009361
800 0.010119
800 0.010204
800 0.010052
800 0.009561
800 0.009495
800 0.009995
800 0.009168
800 0.009112
800 0.010198
800 0.008929
800 0.008756
800 0.010544
800 0.006601
800 0.008720
800 0.008802
800 0.011975
800 0.010954
800 0.009436
800 0.010232
800 0.009333
800 0.008941
800 0.008976
800 0.010076
800 0.010393
800 0.010041
800 0.009742
800 0.010087
800 0.010906
800 0.010122
800 0.009359
800 0.010557
800 0.009884
800 0.010033
800 0.009092
800 0.009855
800 0.011266
800 0.009798
800 0.010007
800 0.008980
800 0.010445
800 0.009439
800 0.011645
800 0.011245
800 0.011013
800 0.008516
800 0.010745

900 0.013479
900 0.012630
900 0.008961
900 0.009133
900 0.009563
900 0.012497
900 0.011191
900 0.011412
900 0.012543
900 0.013558
900 0.012083
900 0.009076
900 0.008702
900 0.009846
900 0.008842
900 0.011655
900 0.011727
900 0.011428
900 0.012758
900 0.012714
900 0.012311
900 0.009189
900 0.011953
900 0.012101
900 0.012579
900 0.012396
900 0.011105
900 0.012132
900 0.012135
900 0.012871
900 0.010933
900 0.011959
900 0.011327
900 0.010926
900 0.013400
900 0.019875
900 0.012878
900 0.012800
900 0.012443
900 0.010808
900 0.009557
900 0.012981
900 0.016216
900 0.012145
900 0.011541
900 0.012163
900 0.011983
900 0.010472
900 0.009133
900 0.012044

1000 0.015575
1000 0.015801
1000 0.013012
1000 0.015581
1000 0.015971
1000 0.015942
1000 0.015116
1000 0.014668
1000 0.014496
1000 0.010879
1000 0.011385
1000 0.013133
1000 0.016733
1000 0.015207
1000 0.018491
1000 0.016035
1000 0.011249
1000 0.011418
1000 0.015434
1000 0.014854
1000 0.015512
1000 0.014644
1000 0.017841
1000 0.017418
1000 0.012787
1000 0.016185
1000 0.013739
1000 0.012120
1000 0.013254
1000 0.015928
1000 0.016007
1000 0.015786
1000 0.016158
1000 0.015192
1000 0.016556
1000 0.016156
1000 0.012466
1000 0.010794
1000 0.011101
1000 0.017854
1000 0.018684
1000 0.015965
1000 0.016705
1000 0.015995
1000 0.014285
1000 0.026334
1000 0.016515
1000 0.012003
1000 0.015644
1000 0.014650

1100 0.019599
1100 0.018526
1100 0.017331
1100 0.016950
1100 0.018439
1100 0.021667
1100 0.021993
1100 0.018257
1100 0.018942
1100 0.018476
1100 0.018761
1100 0.018884
1100 0.017938
1100 0.019948
1100 0.019314
1100 0.018371
1100 0.019695
1100 0.019492
1100 0.018000
1100 0.019676
1100 0.016533
1100 0.013161
1100 0.015638
1100 0.019140
1100 0.015992
1100 0.017475
1100 0.018636
1100 0.019249
1100 0.019910
1100 0.018288
1100 0.017468
1100 0.017988
1100 0.018065
1100 0.018366
1100 0.018846
1100 0.013559
1100 0.018445
1100 0.017218
1100 0.014669
1100 0.017893
1100 0.018397
1100 0.018145
1100 0.019050
1100 0.020145
1100 0.018826
1100 0.018393
1100 0.018528
1100 0.013993
1100 0.019956
1100 0.023008

1200 0.022985
1200 0.021413
1200 0.016988
1200 0.021723
1200 0.022866
1200 0.022261
1200 0.022988
1200 0.022229
1200 0.026267
1200 0.022950
1200 0.022224
1200 0.020504
1200 0.017804
1200 0.022345
1200 0.022647
1200 0.021885
1200 0.016486
1200 0.015649
1200 0.023318
1200 0.026473
1200 0.016231
1200 0.018582
1200 0.024142
1200 0.022006
1200 0.019896
1200 0.017331
1200 0.021203
1200 0.022427
1200 0.023016
1200 0.017020
1200 0.022524
1200 0.015396
1200 0.022428
1200 0.024832
1200 0.029367
1200 0.022284
1200 0.019053
1200 0.022505
1200 0.022998
1200 0.021525
1200 0.022771
1200 0.022406
1200 0.021481
1200 0.026737
1200 0.017934
1200 0.016703
1200 0.022469
1200 0.025937
1200 0.021344
1200 0.019290

1300 0.021531
1300 0.025521
1300 0.022930
1300 0.023967
1300 0.022654
1300 0.022938
1300 0.025679
1300 0.027175
1300 0.025843
1300 0.026714
1300 0.025680
1300 0.025335
1300 0.026363
1300 0.019958
1300 0.024581
1300 0.028902
1300 0.032341
1300 0.031430
1300 0.024096
1300 0.026312
1300 0.025291
1300 0.026525
1300 0.025510
1300 0.026429
1300 0.026337
1300 0.026378
1300 0.026484
1300 0.019847
1300 0.027269
1300 0.020897
1300 0.032858
1300 0.029622
1300 0.026612
1300 0.029151
1300 0.025006
1300 0.026188
1300 0.025943
1300 0.024273
1300 0.025536
1300 0.025744
1300 0.024556
1300 0.026289
1300 0.022802
1300 0.019544
1300 0.024759
1300 0.024523
1300 0.028813
1300 0.022323
1300 0.026559
1300 0.025122

1400 0.024605
1400 0.030970
1400 0.029952
1400 0.026061
1400 0.030152
1400 0.025445
1400 0.030773
1400 0.030570
1400 0.030071
1400 0.032530
1400 0.026743
1400 0.030984
1400 0.026491
1400 0.031054
1400 0.029303
1400 0.026074
1400 0.027651
1400 0.031002
1400 0.031819
1400 0.026737
1400 0.026449
1400 0.030985
1400 0.023924
1400 0.031794
1400 0.027552
1400 0.029327
1400 0.031760
1400 0.031156
1400 0.030472
1400 0.030629
1400 0.030065
1400 0.023125
1400 0.031551
1400 0.029978
1400 0.032577
1400 0.023026
1400 0.031344
1400 0.030121
1400 0.022233
1400 0.031816
1400 0.023268
1400 0.023801
1400 0.031513
1400 0.022981
1400 0.030195
1400 0.030124
1400 0.025443
1400 0.030055
1400 0.031156
1400 0.026393

1500 0.030011
1500 0.029747
1500 0.034728
1500 0.034972
1500 0.031337
1500 0.035303
1500 0.026949
1500 0.034270
1500 0.033996
1500 0.032633
1500 0.039307
1500 0.033963
1500 0.026695
1500 0.031808
1500 0.037266
1500 0.027411
1500 0.034392
1500 0.030152
1500 0.030264
1500 0.033404
1500 0.034588
1500 0.034237
1500 0.034474
1500 0.036464
1500 0.035141
1500 0.032787
1500 0.035473
1500 0.035203
1500 0.032277
1500 0.035974
1500 0.035646
1500 0.034447
1500 0.035008
1500 0.031697
1500 0.034467
1500 0.034730
1500 0.030909
1500 0.037377
1500 0.027964
1500 0.034496
1500 0.036244
1500 0.035255
1500 0.029005
1500 0.035606
1500 0.034207
1500 0.029586
1500 0.036524
1500 0.027866
1500 0.027554
1500 0.036383

1600 0.032613
1600 0.039767
1600 0.038845
1600 0.041210
1600 0.043881
1600 0.039759
1600 0.038953
1600 0.041715
1600 0.034211
1600 0.041066
1600 0.040213
1600 0.039128
1600 0.040587
1600 0.040472
1600 0.041349
1600 0.037529
1600 0.039430
1600 0.032594
1600 0.037429
1600 0.037636
1600 0.031484
1600 0.033596
1600 0.036846
1600 0.035055
1600 0.035398
1600 0.031228
1600 0.041365
1600 0.039870
1600 0.037325
1600 0.039786
1600 0.040140
1600 0.031474
1600 0.038705
1600 0.037139
1600 0.033747
1600 0.039747
1600 0.038238
1600 0.038150
1600 0.041190
1600 0.029970
1600 0.039030
1600 0.039635
1600 0.038801
1600 0.034804
1600 0.040153
1600 0.038117
1600 0.036642
1600 0.038945
1600 0.039115
1600 0.040907

1700 0.033601
1700 0.044476
1700 0.039318
1700 0.044368
1700 0.046128
1700 0.034147
1700 0.044794
1700 0.038828
1700 0.049494
1700 0.033600
1700 0.048249
1700 0.045339
1700 0.044493
1700 0.046172
1700 0.041151
1700 0.037867
1700 0.043070
1700 0.039609
1700 0.039183
1700 0.042199
1700 0.042865
1700 0.045282
1700 0.045301
1700 0.037837
1700 0.038762
1700 0.033803
1700 0.046280
1700 0.046344
1700 0.041388
1700 0.051297
1700 0.044752
1700 0.038976
1700 0.044191
1700 0.032304
1700 0.036002
1700 0.044635
1700 0.045244
1700 0.046571
1700 0.041668
1700 0.042671
1700 0.035768
1700 0.044660
1700 0.046459
1700 0.047035
1700 0.032468
1700 0.047291
1700 0.044632
1700 0.044199
1700 0.050186
1700 0.044667

1800 0.060404
1800 0.053058
1800 0.049413
1800 0.046675
1800 0.049448
1800 0.037416
1800 0.047351
1800 0.047252
1800 0.048409
1800 0.050645
1800 0.058991
1800 0.050121
1800 0.039374
1800 0.048109
1800 0.050472
1800 0.047792
1800 0.049450
1800 0.049660
1800 0.049778
1800 0.051713
1800 0.038732
1800 0.049520
1800 0.040139
1800 0.044067
1800 0.050302
1800 0.042545
1800 0.051403
1800 0.051372
1800 0.049248
1800 0.040802
1800 0.050436
1800 0.045772
1800 0.049089
1800 0.050370
1800 0.041185
1800 0.049069
1800 0.050235
1800 0.051421
1800 0.042314
1800 0.042857
1800 0.045524
1800 0.047676
1800 0.047427
1800 0.050110
1800 0.036898
1800 0.049910
1800 0.043411
1800 0.049870
1800 0.051033
1800 0.048865

1900 0.056352
1900 0.057310
1900 0.053189
1900 0.043887
1900 0.047152
1900 0.055287
1900 0.053126
1900 0.052781
1900 0.058611
1900 0.051108
1900 0.056595
1900 0.052279
1900 0.056481
1900 0.048977
1900 0.050115
1900 0.046266
1900 0.056483
1900 0.054523
1900 0.047422
1900 0.052218
1900 0.055524
1900 0.052444
1900 0.054378
1900 0.056526
1900 0.053966
1900 0.049431
1900 0.056903
1900 0.049380
1900 0.057977
1900 0.058673
1900 0.049066
1900 0.053488
1900 0.055201
1900 0.057755
1900 0.056134
1900 0.050323
1900 0.055498
1900 0.042065
1900 0.055369
1900 0.042346
1900 0.051486
1900 0.054964
1900 0.051777
1900 0.055627
1900 0.050000
1900 0.051767
1900 0.056255
1900 0.056779
1900 0.045391
1900 0.055518

2000 0.059986
2000 0.063508
2000 0.062418
2000 0.056363
2000 0.063227
2000 0.060448
2000 0.065050
2000 0.050721
2000 0.048908
2000 0.062586
2000 0.061704
2000 0.061149
2000 0.059155
2000 0.057317
2000 0.048153
2000 0.062149
2000 0.056340
2000 0.061335
2000 0.059639
2000 0.061460
2000 0.051789
2000 0.062649
2000 0.048004
2000 0.061571
2000 0.060499
2000 0.061936
2000 0.046505
2000 0.056418
2000 0.061549
2000 0.061552
2000 0.058632
2000 0.050004
2000 0.056567
2000 0.046832
2000 0.058731
2000 0.062513
2000 0.046592
2000 0.053060
2000 0.062161
2000 0.063724
2000 0.046933
2000 0.048523
2000 0.062218
2000 0.051528
2000 0.054121
2000 0.062303
2000 0.050363
2000 0.058630
2000 0.061367
2000 0.057179

2100 0.063192
2100 0.064839
2100 0.067749
2100 0.069395
2100 0.055558
2100 0.069288
2100 0.067425
2100 0.069760
2100 0.063717
2100 0.069390
2100 0.058546
2100 0.067473
2100 0.053294
2100 0.068954
2100 0.066716
2100 0.067358
2100 0.065358
2100 0.068807
2100 0.068874
2100 0.069186
2100 0.071641
2100 0.073314
2100 0.064403
2100 0.063186
2100 0.069453
2100 0.071674
2100 0.068107
2100 0.066399
2100 0.052314
2100 0.050694
2100 0.065655
2100 0.065150
2100 0.070280
2100 0.069085
2100 0.069573
2100 0.069842
2100 0.057733
2100 0.053155
2100 0.065352
2100 0.069120
2100 0.068910
2100 0.065026
2100 0.065225
2100 0.066948
2100 0.064668
2100 0.055423
2100 0.068474
2100 0.069434
2100 0.063470
2100 0.068715

2200 0.065623
2200 0.074929
2200 0.067882
2200 0.070175
2200 0.076160
2200 0.077099
2200 0.074804
2200 0.080636
2200 3.386344
2200 0.074046
2200 0.080090
2200 0.075060
2200 0.071367
2200 0.075539
2200 0.074214
2200 0.076758
2200 0.081086
2200 0.074418
2200 0.073612
2200 0.078578
2200 0.083836
2200 0.076449
2200 0.079458
2200 0.061774
2200 0.063594
2200 0.061577
2200 0.059948
2200 0.075137
2200 0.059796
2200 0.070917
2200 0.071652
2200 0.065303
2200 0.072860
2200 0.065729
2200 0.075738
2200 0.060134
2200 0.074814
2200 0.061508
2200 0.066373
2200 0.073825
2200 0.067149
2200 0.072935
2200 0.071149
2200 0.067802
2200 0.069676
2200 0.076473
2200 0.073771
2200 0.074129
2200 0.074114
2200 0.072361

2300 0.078698
2300 0.068854
2300 0.084418
2300 0.077708
2300 0.072209
2300 0.080423
2300 0.080188
2300 0.075581
2300 0.076221
2300 0.076698
2300 0.079650
2300 0.079253
2300 0.070820
2300 0.078355
2300 0.072105
2300 0.078148
2300 0.084294
2300 0.065564
2300 0.085991
2300 0.087008
2300 0.076572
2300 0.067193
2300 0.065892
2300 0.081630
2300 0.079898
2300 0.081631
2300 0.077836
2300 0.081057
2300 0.064167
2300 0.078606
2300 0.078868
2300 0.087866
2300 0.078244
2300 0.082083
2300 0.081483
2300 0.072902
2300 0.073442
2300 0.077579
2300 0.086402
2300 0.088850
2300 0.094035
2300 0.083929
2300 0.081156
2300 0.083434
2300 0.081104
2300 0.074066
2300 0.075595
2300 0.082494
2300 0.082055
2300 0.083639

2400 0.084166
2400 0.078482
2400 0.084396
2400 0.088077
2400 0.080324
2400 0.072446
2400 0.099921
2400 0.083943
2400 0.087500
2400 0.067664
2400 0.096160
2400 0.070161
2400 0.091994
2400 0.074272
2400 0.087472
2400 0.088831
2400 0.084138
2400 0.097194
2400 0.066655
2400 0.079519
2400 0.079651
2400 0.087174
2400 0.077265
2400 0.094352
2400 0.070467
2400 0.090773
2400 0.088261
2400 0.087266
2400 0.090752
2400 0.086670
2400 0.078061
2400 0.086661
2400 0.086809
2400 0.087254
2400 0.067466
2400 0.087730
2400 0.092968
2400 0.077849
2400 0.083061
2400 0.087065
2400 0.091860
2400 0.066155
2400 0.067957
2400 0.099597
2400 0.091583
2400 0.086680
2400 0.089424
2400 0.084526
2400 0.090678
2400 0.085856

2500 0.115275
2500 0.090678
2500 0.098044
2500 0.165839
2500 0.148849
2500 0.142791
2500 0.154583
2500 0.152640
2500 0.176964
2500 0.140361
2500 0.133052
2500 0.144813
2500 0.133160
2500 0.140330
2500 0.159163
2500 0.184747
2500 0.159776
2500 0.169914
2500 0.115697
2500 0.141076
2500 0.169447
2500 0.147981
2500 0.133773
2500 0.108400
2500 0.157900
2500 0.120223
2500 0.146025
2500 0.136394
2500 0.125541
2500 0.163310
2500 0.136479
2500 0.126927
2500 0.169665
2500 0.091744
2500 0.120401
2500 0.124961
2500 0.130167
2500 0.154894
2500 0.137788
2500 0.123021
2500 0.141859
2500 0.098550
2500 0.146286
2500 0.141134
2500 0.147537
2500 0.134054
2500 0.118582
2500 0.151472
2500 0.119746
2500 0.093313

2600 0.130158
2600 0.129464
2600 0.134695
2600 0.149094
2600 0.100915
2600 0.106500
2600 0.153654
2600 0.116179
2600 0.123373
2600 0.126499
2600 0.135313
2600 0.173615
2600 0.140856
2600 0.162272
2600 0.087930
2600 0.118218
2600 0.113988
2600 0.145765
2600 0.144234
2600 0.125977
2600 0.149222
2600 0.147442
2600 0.115256
2600 0.118171
2600 0.126960
2600 0.094341
2600 0.136808
2600 0.157077
2600 0.116982
2600 0.151718
2600 0.157036
2600 0.175304
2600 0.131466
2600 0.164458
2600 0.133280
2600 0.144768
2600 0.162209
2600 0.156282
2600 0.171535
2600 0.128536
2600 0.156622
2600 0.165155
2600 0.119403
2600 0.158952
2600 0.091970
2600 0.131324
2600 0.144462
2600 0.138782
2600 0.131207
2600 0.111683

2700 0.164908
2700 0.127005
2700 0.163890
2700 0.194708
2700 0.106144
2700 0.190337
2700 0.140045
2700 0.176644
2700 0.177063
2700 0.096685
2700 0.123893
2700 0.120806
2700 0.133264
2700 0.159229
2700 0.175183
2700 0.147046
2700 0.138265
2700 0.123039
2700 0.184648
2700 0.127290
2700 0.117631
2700 0.145408
2700 0.127728
2700 0.143503
2700 0.117441
2700 0.096102
2700 0.109705
2700 0.196232
2700 0.156034
2700 0.170448
2700 0.147784
2700 0.166965
2700 0.156039
2700 0.153614
2700 0.114748
2700 0.125943
2700 0.163941
2700 0.173870
2700 0.127455
2700 0.147980
2700 0.147851
2700 0.168654
2700 0.147976
2700 0.168202
2700 0.156814
2700 0.157286
2700 0.182397
2700 0.155908
2700 0.126838
2700 0.134851

2800 0.186119
2800 0.203364
2800 0.101855
2800 0.131881
2800 0.162852
2800 0.145753
2800 0.191166
2800 0.120786
2800 0.180966
2800 0.153566
2800 0.190939
2800 0.172013
2800 0.168183
2800 0.182606
2800 0.199645
2800 0.187606
2800 0.120155
2800 0.190083
2800 0.136142
2800 0.179441
2800 0.096760
2800 0.185539
2800 0.112961
2800 0.169246
2800 0.146620
2800 0.166578
2800 0.193367
2800 0.141763
2800 0.161940
2800 0.127201
2800 0.190109
2800 0.170688
2800 0.156929
2800 0.186292
2800 0.158717
2800 0.112956
2800 0.146635
2800 0.128388
2800 0.175985
2800 0.175900
2800 0.139024
2800 0.182855
2800 0.187829
2800 0.162273
2800 0.171143
2800 0.101204
2800 0.161190
2800 0.100009
2800 0.126001
2800 0.125916

2900 0.112801
2900 0.143688
2900 0.118954
2900 0.135331
2900 0.114016
2900 0.121477
2900 0.098096
2900 0.126729
2900 0.120518
2900 0.127878
2900 0.129074
2900 0.101405
2900 0.128843
2900 0.113164
2900 0.133309
2900 0.132572
2900 0.128629
2900 0.126740
2900 0.118376
2900 0.132531
2900 0.121156
2900 0.122746
2900 0.133515
2900 0.128905
2900 0.133647
2900 0.129774
2900 0.129694
2900 0.121764
2900 0.121681
2900 0.123067
2900 0.127701
2900 0.127751
2900 0.117043
2900 0.104414
2900 0.124968
2900 0.130860
2900 0.131985
2900 0.117247
2900 0.124932
2900 0.117177
2900 0.125773
2900 0.129561
2900 0.127708
2900 0.120194
2900 0.128525
2900 0.123330
2900 0.121131
2900 0.128869
2900 0.118430
2900 0.125747

3000 0.119552
3000 0.138156
3000 0.129954
3000 0.132387
3000 0.138917
3000 0.133038
3000 0.144928
3000 0.136452
3000 0.126089
3000 0.137753
3000 0.144229
3000 0.123358
3000 0.135511
3000 0.134111
3000 0.137723
3000 0.139699
3000 0.127630
3000 0.130344
3000 0.132218
3000 0.134665
3000 0.149553
3000 0.143164
3000 0.130997
3000 0.129601
3000 0.132986
3000 0.139373
3000 0.136915
3000 0.136590
3000 0.134706
3000 0.129339
3000 0.137566
3000 0.132808
3000 0.139737
3000 0.140097
3000 0.147715
3000 0.140963
3000 0.128337
3000 0.143480
3000 0.134023
3000 0.135069
3000 0.132895
3000 0.127596
3000 0.144392
3000 0.139645
3000 0.139605
3000 0.137423
3000 0.137958
3000 0.137124
3000 0.118507
3000 0.138896

3100 0.146481
3100 0.146450
3100 0.132243
3100 0.121563
3100 0.152419
3100 0.150046
3100 0.147617
3100 0.135598
3100 0.146157
3100 0.140849
3100 0.158505
3100 0.146799
3100 0.137300
3100 0.149833
3100 0.139249
3100 0.138688
3100 0.156148
3100 0.126029
3100 0.155569
3100 0.132736
3100 0.125635
3100 0.138946
3100 0.138737
3100 0.141077
3100 0.156487
3100 0.139899
3100 0.139374
3100 0.145608
3100 0.148027
3100 0.117376
3100 0.144393
3100 0.142843
3100 0.134660
3100 0.146803
3100 0.143600
3100 0.149807
3100 0.137198
3100 0.134800
3100 0.139987
3100 0.158236
3100 0.134870
3100 0.142473
3100 0.144877
3100 0.146942
3100 0.145739
3100 0.147761
3100 0.137986
3100 0.138459
3100 0.119819
3100 0.143922

3200 0.155559
3200 0.159936
3200 0.153930
3200 0.153827
3200 0.153314
3200 0.144929
3200 0.163718
3200 0.151405
3200 0.154425
3200 0.155928
3200 0.156550
3200 0.153899
3200 0.151306
3200 0.132336
3200 0.153968
3200 0.133814
3200 0.149257
3200 0.169856
3200 0.141801
3200 0.141868
3200 0.145613
3200 0.155893
3200 0.151389
3200 0.151832
3200 0.153170
3200 0.151532
3200 0.156296
3200 0.155712
3200 0.163526
3200 0.155339
3200 0.142897
3200 0.141546
3200 0.153124
3200 0.154284
3200 0.154718
3200 0.125556
3200 0.143455
3200 0.155496
3200 0.142735
3200 0.156498
3200 0.156749
3200 0.154123
3200 0.133649
3200 0.155779
3200 0.144572
3200 0.158094
3200 0.159666
3200 0.153632
3200 0.157153
3200 0.165562

3300 0.173261
3300 0.152573
3300 0.161825
3300 0.169253
3300 0.173815
3300 0.175105
3300 0.167560
3300 0.153649
3300 0.155781
3300 0.157606
3300 0.174020
3300 0.168636
3300 0.173593
3300 0.165172
3300 0.153594
3300 0.170440
3300 0.143708
3300 0.169583
3300 0.146348
3300 0.166218
3300 0.161695
3300 0.165512
3300 0.168059
3300 0.165063
3300 0.167387
3300 0.153579
3300 0.158599
3300 0.167640
3300 0.154997
3300 0.168561
3300 0.153816
3300 0.150688
3300 0.151848
3300 0.161013
3300 0.165825
3300 0.165157
3300 0.155406
3300 0.166974
3300 0.163944
3300 0.169183
3300 0.158932
3300 0.170328
3300 0.148317
3300 0.166064
3300 0.174167
3300 0.170659
3300 0.164157
3300 0.168099
3300 0.177811
3300 0.164875

3400 0.178756
3400 0.166552
3400 0.178425
3400 0.170922
3400 0.181764
3400 0.176211
3400 0.171445
3400 0.155667
3400 0.166984
3400 0.160417
3400 0.162216
3400 0.172376
3400 0.172657
3400 0.174936
3400 0.151434
3400 0.175239
3400 0.182081
3400 0.159911
3400 0.174350
3400 0.169519
3400 0.165095
3400 0.176344
3400 0.175583
3400 0.184469
3400 0.175126
3400 0.178162
3400 0.171150
3400 0.170888
3400 0.164824
3400 0.169984
3400 0.171085
3400 0.183042
3400 0.171953
3400 0.172490
3400 0.179289
3400 0.174963
3400 0.168684
3400 0.160016
3400 0.173144
3400 0.174444
3400 0.161102
3400 0.174852
3400 0.174638
3400 0.170696
3400 0.182476
3400 0.186562
3400 0.175172
3400 0.171256
3400 0.147940
3400 0.176496

3500 0.192323
3500 0.180825
3500 0.196092
3500 0.181404
3500 0.188265
3500 0.191700
3500 0.180820
3500 0.194250
3500 0.187798
3500 0.195347
3500 0.175671
3500 0.198185
3500 0.167511
3500 0.189204
3500 0.177213
3500 0.185386
3500 0.176485
3500 0.175242
3500 0.191108
3500 0.196307
3500 0.186945
3500 0.193261
3500 0.189588
3500 0.198552
3500 0.186487
3500 0.171820
3500 0.188808
3500 0.168802
3500 0.180082
3500 0.170768
3500 0.170747
3500 0.181320
3500 0.180992
3500 0.191498
3500 0.179467
3500 0.193661
3500 0.167110
3500 0.182988
3500 0.171951
3500 0.177932
3500 0.181270
3500 0.182986
3500 0.184057
3500 0.175871
3500 0.185672
3500 0.195081
3500 0.191863
3500 0.182445
3500 0.160762
3500 0.188626

3600 0.191472
3600 0.174187
3600 0.200396
3600 0.178520
3600 0.204098
3600 0.180385
3600 0.210514
3600 0.204710
3600 0.177202
3600 0.198114
3600 0.176023
3600 0.202685
3600 0.181047
3600 0.209385
3600 0.189615
3600 0.174599
3600 0.206617
3600 0.190492
3600 0.203098
3600 0.169245
3600 0.193241
3600 0.191296
3600 0.196830
3600 0.192073
3600 0.194846
3600 0.194410
3600 0.200698
3600 0.202098
3600 0.191948
3600 0.188712
3600 0.174919
3600 0.187040
3600 0.185041
3600 0.197972
3600 0.197188
3600 0.189553
3600 0.192707
3600 0.193998
3600 0.201111
3600 0.208265
3600 0.204102
3600 0.188864
3600 0.167964
3600 0.184948
3600 0.200404
3600 0.202644
3600 0.201050
3600 0.197386
3600 0.194838
3600 0.201071

3700 0.207072
3700 0.193626
3700 0.218867
3700 0.200257
3700 0.206756
3700 0.217331
3700 0.207592
3700 0.198166
3700 0.182481
3700 0.220442
3700 0.198734
3700 0.220438
3700 0.210371
3700 0.199933
3700 0.186801
3700 0.214614
3700 0.180552
3700 0.218840
3700 0.197357
3700 0.197616
3700 0.207755
3700 0.231153
3700 0.229943
3700 0.206249
3700 0.190373
3700 0.207847
3700 0.216076
3700 0.213428
3700 0.181901
3700 0.186222
3700 0.199148
3700 0.214545
3700 0.223096
3700 0.214387
3700 0.199647
3700 0.217462
3700 0.202684
3700 0.215041
3700 0.205376
3700 0.209876
3700 0.211708
3700 0.197199
3700 0.205769
3700 0.213281
3700 0.203567
3700 0.218462
3700 0.203999
3700 0.208844
3700 0.192616
3700 0.198562

3800 0.235553
3800 0.199102
3800 0.218456
3800 0.221981
3800 0.226956
3800 0.223822
3800 0.223005
3800 0.218740
3800 0.231691
3800 0.217578
3800 0.234525
3800 0.244308
3800 0.221979
3800 0.231305
3800 0.220141
3800 0.196945
3800 0.225580
3800 0.209898
3800 0.204238
3800 0.225124
3800 0.235199
3800 0.188476
3800 0.207492
3800 0.201197
3800 0.232447
3800 0.204777
3800 0.200148
3800 0.217201
3800 0.220268
3800 0.214043
3800 0.224846
3800 0.213879
3800 0.196842
3800 0.192831
3800 0.201174
3800 0.229467
3800 0.228789
3800 0.210136
3800 0.209400
3800 0.202770
3800 0.209048
3800 0.225829
3800 0.225705
3800 0.223392
3800 0.198911
3800 0.208681
3800 0.221597
3800 0.206041
3800 0.221520
3800 0.220698

3900 0.202392
3900 0.206609
3900 0.252550
3900 0.236323
3900 0.200375
3900 0.213577
3900 0.215960
3900 0.216482
3900 0.235656
3900 0.222441
3900 0.229782
3900 0.239900
3900 0.208933
3900 0.245496
3900 0.232468
3900 0.211790
3900 0.195447
3900 0.233421
3900 0.237257
3900 0.224441
3900 0.242522
3900 0.213206
3900 0.211552
3900 0.213729
3900 0.250001
3900 0.237575
3900 0.236800
3900 0.235467
3900 0.233158
3900 0.219027
3900 0.239271
3900 0.209447
3900 0.232642
3900 0.234138
3900 0.229158
3900 0.205839
3900 0.224421
3900 0.228266
3900 0.209369
3900 0.234032
3900 0.225380
3900 0.203775
3900 0.245583
3900 0.244143
3900 0.240055
3900 0.229629
3900 0.237897
3900 0.231890
3900 0.232267
3900 0.245682

4000 0.235813
4000 0.255184
4000 0.242923
4000 0.225936
4000 0.249003
4000 0.228474
4000 0.221883
4000 0.246304
4000 0.233325
4000 0.233732
4000 0.247564
4000 0.243566
4000 0.249876
4000 0.248965
4000 0.235403
4000 0.249127
4000 0.216148
4000 0.255897
4000 0.237668
4000 0.239547
4000 0.232742
4000 0.248059
4000 0.253480
4000 0.235335
4000 0.226625
4000 0.241183
4000 0.242493
4000 0.213220
4000 0.247945
4000 0.241906
4000 0.242696
4000 0.239100
4000 0.258321
4000 0.251580
4000 0.234327
4000 0.226092
4000 0.258482
4000 0.239444
4000 0.240601
4000 0.248029
4000 0.245039
4000 0.241722
4000 0.238702
4000 0.245202
4000 0.254742
4000 0.248955
4000 0.250182
4000 0.250549
4000 0.245534
4000 0.237835

4100 0.254841
4100 0.255993
4100 0.229450
4100 0.250622
4100 0.257199
4100 0.273305
4100 0.245607
4100 0.229329
4100 0.259445
4100 0.265587
4100 0.231318
4100 0.235560
4100 0.257197
4100 0.239095
4100 0.263566
4100 0.253019
4100 0.242394
4100 0.244141
4100 0.250199
4100 0.251273
4100 0.259794
4100 0.273776
4100 0.255968
4100 0.262981
4100 0.260042
4100 0.244350
4100 0.249241
4100 0.247209
4100 0.240668
4100 0.247499
4100 0.250109
4100 0.259040
4100 0.255155
4100 0.256633
4100 0.257791
4100 0.265217
4100 0.264116
4100 0.248315
4100 0.272973
4100 0.271105
4100 0.261800
4100 0.257361
4100 0.248077
4100 0.246865
4100 0.253842
4100 0.263406
4100 0.245205
4100 0.267115
4100 0.256905
4100 0.248318

4200 0.258777
4200 0.246711
4200 0.261653
4200 0.275260
4200 0.262462
4200 0.265045
4200 0.278703
4200 0.287259
4200 0.283136
4200 0.269029
4200 0.272831
4200 0.272580
4200 0.246929
4200 0.257807
4200 0.259980
4200 0.247478
4200 0.268491
4200 0.265963
4200 0.270316
4200 0.251441
4200 0.255849
4200 0.251506
4200 0.269584
4200 0.270430
4200 0.265505
4200 0.277020
4200 0.278348
4200 0.250314
4200 0.260656
4200 0.286085
4200 0.268636
4200 0.279932
4200 0.251822
4200 0.281240
4200 0.264214
4200 0.252876
4200 0.282732
4200 0.283605
4200 0.263918
4200 0.263963
4200 0.260441
4200 0.277343
4200 0.279934
4200 0.270678
4200 0.279208
4200 0.253834
4200 0.273702
4200 0.264673
4200 0.265751
4200 0.268421

4300 0.279963
4300 0.273952
4300 0.276808
4300 0.264816
4300 0.287816
4300 0.290965
4300 0.265315
4300 0.286082
4300 0.248553
4300 0.285630
4300 0.252167
4300 0.261715
4300 0.291167
4300 0.281438
4300 0.257317
4300 0.276624
4300 0.254980
4300 0.256323
4300 0.274216
4300 0.268378
4300 0.292355
4300 0.273014
4300 0.265878
4300 0.284334
4300 0.289192
4300 0.278016
4300 0.283509
4300 0.285989
4300 0.283157
4300 0.293069
4300 0.281606
4300 0.265071
4300 0.256809
4300 0.285444
4300 0.257710
4300 0.255954
4300 0.273114
4300 0.284751
4300 0.250438
4300 0.253897
4300 0.245384
4300 0.272048
4300 0.283098
4300 0.275230
4300 0.268823
4300 0.283997
4300 0.258902
4300 0.277273
4300 0.296316
4300 0.284788

4400 0.268852
4400 0.288274
4400 0.257698
4400 0.279460
4400 0.275736
4400 0.298432
4400 0.308867
4400 0.286503
4400 0.300577
4400 0.287647
4400 0.287466
4400 0.302234
4400 0.298895
4400 0.273781
4400 0.280636
4400 0.284356
4400 0.308654
4400 0.305089
4400 0.276629
4400 0.264633
4400 0.283577
4400 0.300946
4400 0.276097
4400 0.298912
4400 0.258462
4400 0.290137
4400 0.281507
4400 0.300661
4400 0.303326
4400 0.279350
4400 0.303102
4400 0.272695
4400 0.289273
4400 0.256886
4400 0.294846
4400 0.284855
4400 0.298774
4400 0.290130
4400 0.285716
4400 0.302446
4400 0.268581
4400 0.274408
4400 0.266190
4400 0.282324
4400 0.280384
4400 0.289831
4400 0.270019
4400 0.278309
4400 0.292066
4400 0.297153

4500 0.306926
4500 0.308208
4500 0.310585
4500 0.288592
4500 0.290094
4500 0.295725
4500 0.304299
4500 0.310163
4500 0.291127
4500 0.290769
4500 0.316918
4500 0.302501
4500 0.288576
4500 0.302350
4500 0.311696
4500 0.298357
4500 0.294636
4500 0.310759
4500 0.319229
4500 0.286409
4500 0.314189
4500 0.303361
4500 0.307673
4500 0.289300
4500 0.297325
4500 0.314589
4500 0.303946
4500 0.309462
4500 0.307885
4500 0.300701
4500 0.300564
4500 0.308482
4500 0.291179
4500 0.310522
4500 0.317708
4500 0.307193
4500 0.295891
4500 0.322425
4500 0.295024
4500 0.314337
4500 0.302454
4500 0.295313
4500 0.300759
4500 0.317980
4500 0.298711
4500 0.309759
4500 0.332250
4500 0.285397
4500 0.307753
4500 0.321294

4600 0.297654
4600 0.313680
4600 0.294480
4600 0.330379
4600 0.320299
4600 0.306327
4600 0.300278
4600 0.307124
4600 0.335318
4600 0.315925
4600 0.324614
4600 0.324462
4600 0.300351
4600 0.303661
4600 0.324408
4600 0.304271
4600 0.289031
4600 0.296970
4600 0.307266
4600 0.322890
4600 0.327315
4600 0.315372
4600 0.326905
4600 0.324232
4600 0.320643
4600 0.303303
4600 0.320282
4600 0.324623
4600 0.332464
4600 0.315466
4600 0.330060
4600 0.308029
4600 0.310100
4600 0.326926
4600 0.319011
4600 0.325928
4600 0.311270
4600 0.313037
4600 0.330876
4600 0.346915
4600 0.311405
4600 0.328502
4600 0.328995
4600 0.320044
4600 0.291620
4600 0.318203
4600 0.311564
4600 0.307068
4600 0.322136
4600 0.316658

4700 0.333935
4700 0.312791
4700 0.322401
4700 0.333478
4700 0.331567
4700 0.326736
4700 0.332525
4700 0.331890
4700 0.310869
4700 0.355393
4700 0.335998
4700 0.339081
4700 0.326945
4700 0.317132
4700 0.348198
4700 0.324602
4700 0.312162
4700 0.313952
4700 0.311694
4700 0.347362
4700 0.315553
4700 0.318178
4700 0.338022
4700 0.350577
4700 0.307420
4700 0.320061
4700 0.327201
4700 0.319764
4700 0.310136
4700 0.332370
4700 0.303605
4700 0.350077
4700 0.348448
4700 0.298520
4700 0.312067
4700 0.306862
4700 0.331880
4700 0.329002
4700 0.327966
4700 0.317032
4700 0.319216
4700 0.299326
4700 0.349950
4700 0.332208
4700 0.335082
4700 0.329026
4700 0.339424
4700 0.331910
4700 0.309398
4700 0.320619

4800 0.357867
4800 0.343804
4800 0.319872
4800 0.334889
4800 0.321344
4800 0.352308
4800 0.324996
4800 0.315621
4800 0.361209
4800 0.349610
4800 0.337751
4800 0.345002
4800 0.344424
4800 0.338139
4800 0.324049
4800 0.361302
4800 0.333937
4800 0.338751
4800 0.348520
4800 0.363895
4800 0.357391
4800 0.351474
4800 0.352542
4800 0.314762
4800 0.370580
4800 0.326619
4800 0.367362
4800 0.344709
4800 0.359452
4800 0.342983
4800 0.349263
4800 0.356624
4800 0.327139
4800 0.351841
4800 0.328518
4800 0.348702
4800 0.354553
4800 0.330900
4800 0.321809
4800 0.362299
4800 0.331053
4800 0.324352
4800 0.347445
4800 0.340999
4800 0.358250
4800 0.350005
4800 0.336491
4800 0.344367
4800 0.367636
4800 0.333163

4900 0.371922
4900 0.372926
4900 0.369363
4900 0.349947
4900 0.356084
4900 0.338994
4900 0.357970
4900 0.363654
4900 0.379712
4900 0.351153
4900 0.371303
4900 0.363369
4900 0.346400
4900 0.329657
4900 0.362884
4900 0.346537
4900 0.364487
4900 0.343028
4900 0.376517
4900 0.360312
4900 0.365467
4900 0.353332
4900 0.366030
4900 0.362268
4900 0.355236
4900 0.353599
4900 0.360463
4900 0.329288
4900 0.354779
4900 0.354935
4900 0.348922
4900 0.341683
4900 0.375881
4900 0.393491
4900 0.366735
4900 0.341320
4900 0.364045
4900 0.355645
4900 0.379868
4900 0.354724
4900 0.349704
4900 0.360844
4900 0.352263
4900 0.337015
4900 0.360066
4900 0.351774
4900 0.356410
4900 0.353082
4900 0.371841
4900 0.328937

5000 0.348942
5000 0.378088
5000 0.378241
5000 0.415261
5000 0.359742
5000 0.402824
5000 0.367860
5000 0.381870
5000 0.380996
5000 0.382268
5000 0.394351
5000 0.350052
5000 0.371699
5000 0.386973
5000 0.381617
5000 0.366811
5000 0.393865
5000 0.368220
5000 0.396649
5000 0.380805
5000 0.350383
5000 0.356175
5000 0.386256
5000 0.360168
5000 0.385730
5000 0.376163
5000 0.379255
5000 0.366982
5000 0.377905
5000 0.398888
5000 0.364884
5000 0.370930
5000 0.380484
5000 0.365843
5000 0.387230
5000 0.391941
5000 0.370822
5000 0.369146
5000 0.376738
5000 0.396878
5000 0.363108
5000 0.358487
5000 0.369719
5000 0.391608
5000 0.398472
5000 0.369736
5000 0.328729
5000 0.349371
5000 0.394065
5000 0.376361