1 0.181353
2 0.190747
3 0.248777
4 0.252967
5 0.240464
6 0.236279
7 0.246434
8 0.240263
9 0.248056
10 0.242886
11 0.229238
12 0.241548
13 0.235018
14 0.240824
15 0.243433
16 0.243233
17 0.236931
18 0.252172
19 0.241115
20 0.250015
21 0.245896
22 0.248833
23 0.255568
24 0.243477
25 0.238966
26 0.259532
27 0.249641
28 0.251018
29 0.254267
30 0.241460
31 0.241947
32 0.245689
33 0.236986
34 0.262992
35 0.247351
36 0.234224
37 0.244165
38 0.247621
39 0.251303
40 0.240511
41 0.253443
42 0.243166
43 0.244643
44 0.233960
45 0.237958
46 0.244690
47 0.250959
48 0.240208
49 0.247732
50 0.247505
51 0.242879
52 0.254235
53 0.250814
54 0.244857
55 0.256683
56 0.238412
57 0.253954
58 0.247411
59 0.251456
60 0.248347
61 0.257652
62 0.255703
63 0.248624
64 0.260320
65 0.235920
66 0.249091
67 0.252663
68 0.232516
69 0.243691
70 0.259848
71 0.248623
72 0.233633
73 0.233020
74 0.243567
75 0.253300
76 0.240287
77 0.249021
78 0.246247
79 0.236903
80 0.246449
81 0.253021
82 0.234110
83 0.247842
84 0.248342
85 0.256668
86 0.249604
87 0.244974
88 0.246670
89 0.235881
90 0.237786
91 0.255600
92 0.244092
93 0.239029
94 0.247859
95 0.246099
96 0.228080
97 0.242552
98 0.242575
99 0.256635
100 0.258543
101 0.249022
102 0.259727
103 0.246054
104 0.248968
105 0.260129
106 0.249881
107 0.259965
108 0.259619
109 0.236100
110 0.252947
111 0.249942
112 0.249460
113 0.241498
114 0.251689
115 0.262987
116 0.253852
117 0.235637
118 0.242103
119 0.246544
120 0.241676
121 0.245354
122 0.252863
123 0.252536
124 0.258505
125 0.238068
126 0.247842
127 0.249105
128 0.254613
129 0.256028
130 0.239963
131 0.249290
132 0.250778
133 0.248496
134 0.237352
135 0.247039
136 0.247416
137 0.248685
138 0.245148
139 0.240990
140 0.244695
141 0.243352
142 0.239597
143 0.244861
144 0.254352
145 0.242829
146 0.251168
147 0.245347
148 0.263233
149 0.258606
150 0.243982
151 0.236826
152 0.247903
153 0.245258
154 0.246356
155 0.243035
156 0.249974
157 0.258274
158 0.233512
159 0.237196
160 0.260009
161 0.244904
162 0.245798
163 0.244232
164 0.255962
165 0.253960
166 0.250736
167 0.262998
168 0.235701
169 0.251455
170 0.241069
171 0.256660
172 0.254751
173 0.243561
174 0.241232
175 0.256448
176 0.239627
177 0.262638
178 0.242507
179 0.253712
180 0.259681
181 0.252148
182 0.241058
183 0.253470
184 0.262178
185 0.249236
186 0.244862
187 0.245188
188 0.247539
189 0.254083
190 0.246192
191 0.256060
192 0.243741
193 0.263029
194 0.247028
195 0.254136
196 0.242962
197 0.250633
198 0.257947
199 0.257204
200 0.249624
201 0.242301
202 0.244990
203 0.248566
204 0.255631
205 0.250081
206 0.243891
207 0.244904
208 0.230587
209 0.246351
210 0.260961
211 0.247725
212 0.251560
213 0.240785
214 0.249184
215 0.249837
216 0.251652
217 0.235071
218 0.237658
219 0.248942
220 0.252165
221 0.230096
222 0.251817
223 0.247545
224 0.233482
225 0.243519
226 0.264689
227 0.250948
228 0.247844
229 0.250461
230 0.240879
231 0.247608
232 0.232548
233 0.253863
234 0.247923
235 0.242398
236 0.243882
237 0.252290
238 0.237658
239 0.260417
240 0.248144
241 0.259724
242 0.236942
243 0.251269
244 0.236812
245 0.249721
246 0.244009
247 0.246145
248 0.249768
249 0.263084
250 0.234136
251 0.253064
252 0.251307
253 0.253637
254 0.249304
255 0.252340
256 0.230960
257 0.239492
258 0.250756
259 0.249627
260 0.258749
261 0.248303
262 0.261401
263 0.251767
264 0.255990
265 0.252266
266 0.247046
267 0.258536
268 0.247010
269 0.248277
270 0.246829
271 0.249212
272 0.256349
273 0.258037
274 0.241370
275 0.253137
276 0.256175
277 0.251975
278 0.236510
279 0.258779
280 0.247968
281 0.258754
282 0.244617
283 0.246198
284 0.247905
285 0.240217
286 0.256810
287 0.253249
288 0.254784
289 0.248863
290 0.235919
291 0.251401
292 0.251962
293 0.255799
294 0.241345
295 0.256902
296 0.240066
297 0.249402
298 0.243609
299 0.240448
300 0.252706
301 0.264025
302 0.242261
303 0.265571
304 0.250482
305 0.238308
306 0.253978
307 0.256967
308 0.256703
309 0.269337
310 0.255260
311 0.247228
312 0.255690
313 0.244289
314 0.241608
315 0.241308
316 0.254400
317 0.247696
318 0.244410
319 0.243830
320 0.246800
321 0.262557
322 0.252038
323 0.246206
324 0.265063
325 0.267483
326 0.251491
327 0.251452
328 0.245561
329 0.258222
330 0.245998
331 0.267211
332 0.251522
333 0.254794
334 0.233999
335 0.247872
336 0.239479
337 0.264131
338 0.242060
339 0.247157
340 0.260629
341 0.250026
342 0.250346
343 0.249301
344 0.245651
345 0.255539
346 0.251196
347 0.251871
348 0.249817
349 0.257136
350 0.247021
351 0.244660
352 0.257656
353 0.244346
354 0.251165
355 0.268177
356 0.239713
357 0.248751
358 0.249411
359 0.254085
360 0.249750
361 0.250796
362 0.259363
363 0.241857
364 0.236340
365 0.248097
366 0.255699
367 0.242788
368 0.235789
369 0.248965
370 0.240060
371 0.252245
372 0.261296
373 0.255669
374 0.248233
375 0.250224
376 0.255974
377 0.242400
378 0.250582
379 0.243632
380 0.254176
381 0.252286
382 0.246191
383 0.252779
384 0.242785
385 0.265882
386 0.255179
387 0.250858
388 0.246390
389 0.249569
390 0.242073
391 0.253918
392 0.258389
393 0.241433
394 0.252347
395 0.250754
396 0.251396
397 0.264535
398 0.252138
399 0.234230
400 0.255282
401 0.249479
402 0.246909
403 0.244232
404 0.249279
405 0.244357
406 0.247036
407 0.246317
408 0.251326
409 0.255733
410 0.254212
411 0.245493
412 0.244874
413 0.244646
414 0.253053
415 0.245793
416 0.250694
417 0.256475
418 0.259524
419 0.249187
420 0.253871
421 0.247610
422 0.261978
423 0.265701
424 0.261867
425 0.248724
426 0.238409
427 0.236213
428 0.250173
429 0.257030
430 0.244407
431 0.244312
432 0.256935
433 0.254710
434 0.244557
435 0.261210
436 0.253233
437 0.241330
438 0.246700
439 0.255262
440 0.240193
441 0.248105
442 0.248026
443 0.260842
444 0.250818
445 0.229875
446 0.241161
447 0.253310
448 0.259627
449 0.251252
450 0.257476
451 0.239698
452 0.239827
453 0.253442
454 0.250653
455 0.251534
456 0.253537
457 0.252955
458 0.244107
459 0.258903
460 0.252481
461 0.238289
462 0.253960
463 0.248057
464 0.254430
465 0.233710
466 0.250015
467 0.251383
468 0.253437
469 0.254158
470 0.249005
471 0.264254
472 0.255235
473 0.248922
474 0.240672
475 0.245867
476 0.239170
477 0.247183
478 0.245297
479 0.254069
480 0.252562
481 0.261209
482 0.246514
483 0.233486
484 0.247461
485 0.245485
486 0.246027
487 0.259211
488 0.259119
489 0.250836
490 0.244829
491 0.252084
492 0.241736
493 0.265829
494 0.257345
495 0.248714
496 0.236095
497 0.249421
498 0.256789
499 0.246232
500 0.260390
501 0.257782
502 0.256985
503 0.247504
504 0.252039
505 0.249220
506 0.250200
507 0.243223
508 0.252435
509 0.257223
510 0.252863
511 0.262214
512 0.247796
513 0.253143
514 0.249260
515 0.253575
516 0.258897
517 0.249510
518 0.256085
519 0.254951
520 0.252518
521 0.256413
522 0.246141
523 0.240227
524 0.260655
525 0.248523
526 0.246706
527 0.259526
528 0.239118
529 0.248365
530 0.245401
531 0.262006
532 0.237808
533 0.245859
534 0.251170
535 0.258268
536 0.253917
537 0.256744
538 0.255738
539 0.255462
540 0.246597
541 0.247055
542 0.240479
543 0.246915
544 0.251756
545 0.238686
546 0.262436
547 0.240538
548 0.250133
549 0.243226
550 0.242563
551 0.255204
552 0.270265
553 0.257427
554 0.252177
555 0.251300
556 0.250610
557 0.245900
558 0.252130
559 0.250526
560 0.245772
561 0.244016
562 0.252964
563 0.254150
564 0.250411
565 0.247400
566 0.254742
567 0.251686
568 0.256079
569 0.245461
570 0.233324
571 0.246089
572 0.231169
573 0.248052
574 0.246661
575 0.246229
576 0.264820
577 0.241640
578 0.247084
579 0.246779
580 0.253712
581 0.243187
582 0.249063
583 0.243863
584 0.257139
585 0.247734
586 0.246084
587 0.260262
588 0.267965
589 0.243860
590 0.254021
591 0.254528
592 0.258272
593 0.256704
594 0.268331
595 0.245056
596 0.255353
597 0.254343
598 0.256311
599 0.246213
600 0.245499
601 0.254497
602 0.242698
603 0.255426
604 0.250868
605 0.253938
606 0.243262
607 0.261138
608 0.250347
609 0.248775
610 0.249300
611 0.252511
612 0.244608
613 0.251567
614 0.248323
615 0.262935
616 0.235964
617 0.242248
618 0.251616
619 0.245733
620 0.247580
621 0.260025
622 0.242224
623 0.252525
624 0.267617
625 0.249926
626 0.253141
627 0.241147
628 0.253125
629 0.253427
630 0.267026
631 0.265648
632 0.249818
633 0.257922
634 0.253826
635 0.251341
636 0.249502
637 0.248296
638 0.259834
639 0.244443
640 0.250487
641 0.247318
642 0.254199
643 0.250233
644 0.259404
645 0.249322
646 0.249792
647 0.242991
648 0.249308
649 0.252273
650 0.252299
651 0.246667
652 0.241447
653 0.258482
654 0.250619
655 0.247774
656 0.239520
657 0.232145
658 0.242626
659 0.264826
660 0.244984
661 0.241767
662 0.243710
663 0.244794
664 0.261858
665 0.250460
666 0.237970
667 0.251770
668 0.256263
669 0.243888
670 0.257294
671 0.251478
672 0.256626
673 0.243419
674 0.247970
675 0.260605
676 0.254098
677 0.250622
678 0.244404
679 0.256354
680 0.251484
681 0.242388
682 0.255900
683 0.262452
684 0.258945
685 0.258438
686 0.248541
687 0.253515
688 0.247554
689 0.245231
690 0.260474
691 0.260540
692 0.234588
693 0.253446
694 0.269758
695 0.255484
696 0.252376
697 0.262449
698 0.249867
699 0.255733
700 0.245988
701 0.268919
702 0.269024
703 0.259336
704 0.259775
705 0.255845
706 0.249519
707 0.248419
708 0.263159
709 0.268529
710 0.257852
711 0.257152
712 0.252112
713 0.253062
714 0.255392
715 0.239860
716 0.241788
717 0.257963
718 0.257237
719 0.262383
720 0.268339
721 0.251477
722 0.256635
723 0.244067
724 0.243543
725 0.242109
726 0.247892
727 0.258849
728 0.248977
729 0.253855
730 0.251486
731 0.242391
732 0.243309
733 0.253175
734 0.249487
735 0.242447
736 0.251848
737 0.254739
738 0.251400
739 0.259209
740 0.250845
741 0.256057
742 0.252418
743 0.255656
744 0.238610
745 0.237303
746 0.236450
747 0.244406
748 0.237324
749 0.248874
750 0.241994
751 0.254025
752 0.261551
753 0.252768
754 0.244512
755 0.239742
756 0.244738
757 0.241504
758 0.254331
759 0.242798
760 0.251952
761 0.250685
762 0.227999
763 0.260887
764 0.249624
765 0.258852
766 0.249771
767 0.241055
768 0.267889
769 0.247224
770 0.260762
771 0.248647
772 0.246628
773 0.250362
774 0.255217
775 0.249887
776 0.243686
777 0.240746
778 0.249945
779 0.254635
780 0.255536
781 0.248073
782 0.251880
783 0.250530
784 0.242977
785 0.239419
786 0.260248
787 0.254822
788 0.254067
789 0.248936
790 0.251191
791 0.248480
792 0.253142
793 0.251037
794 0.238338
795 0.248596
796 0.246360
797 0.251875
798 0.255513
799 0.236215
800 0.249206
801 0.263469
802 0.260676
803 0.243452
804 0.266570
805 0.264438
806 0.259204
807 0.250614
808 0.254746
809 0.243990
810 0.250710
811 0.238393
812 0.260295
813 0.251371
814 0.252484
815 0.250528
816 0.253688
817 0.239726
818 0.259585
819 0.241088
820 0.238517
821 0.252609
822 0.249912
823 0.258396
824 0.251257
825 0.252311
826 0.244534
827 0.254875
828 0.247331
829 0.265779
830 0.237080
831 0.251457
832 0.251862
833 0.261713
834 0.248141
835 0.237469
836 0.251581
837 0.258796
838 0.254392
839 0.242807
840 0.249594
841 0.255737
842 0.244049
843 0.257511
844 0.250289
845 0.249663
846 0.262495
847 0.262077
848 0.246289
849 0.254661
850 0.248901
851 0.259953
852 0.246574
853 0.258615
854 0.241970
855 0.249178
856 0.248984
857 0.248219
858 0.259908
859 0.254192
860 0.252466
861 0.259069
862 0.246725
863 0.250694
864 0.246114
865 0.248002
866 0.270171
867 0.237805
868 0.243611
869 0.254019
870 0.242053
871 0.250169
872 0.248413
873 0.256331
874 0.275846
875 0.256527
876 0.258354
877 0.251292
878 0.249728
879 0.245952
880 0.252908
881 0.245073
882 0.267052
883 0.250021
884 0.249809
885 0.249925
886 0.237225
887 0.257641
888 0.253111
889 0.261005
890 0.255293
891 0.249597
892 0.267059
893 0.248150
894 0.253681
895 0.262555
896 0.249934
897 0.251099
898 0.242799
899 0.250954
900 0.271472
901 0.263057
902 0.256930
903 0.251272
904 0.258008
905 0.258244
906 0.244693
907 0.256734
908 0.268809
909 0.249200
910 0.256281
911 0.255698
912 0.253208
913 0.249610
914 0.261298
915 0.252247
916 0.249968
917 0.259946
918 0.255727
919 0.260999
920 0.248734
921 0.254544
922 0.250264
923 0.260740
924 0.256987
925 0.259943
926 0.252564
927 0.244020
928 0.264096
929 0.259869
930 0.255814
931 0.262086
932 0.248041
933 0.244140
934 0.270839
935 0.243988
936 0.245060
937 0.262194
938 0.256680
939 0.254211
940 0.252180
941 0.255721
942 0.240237
943 0.258456
944 0.241643
945 0.252589
946 0.238817
947 0.266415
948 0.251943
949 0.253868
950 0.269608
951 0.259804
952 0.258409
953 0.244256
954 0.247186
955 0.255939
956 0.254428
957 0.252063
958 0.253845
959 0.260954
960 0.252234
961 0.246472
962 0.260683
963 0.268084
964 0.250883
965 0.250072
966 0.251786
967 0.256486
968 0.252639
969 0.249504
970 0.254249
971 0.254864
972 0.263528
973 0.250155
974 0.246228
975 0.272870
976 0.255608
977 0.256725
978 0.256629
979 0.258731
980 0.257161
981 0.260725
982 0.244839
983 0.269872
984 0.266645
985 0.252366
986 0.263282
987 0.255376
988 0.260730
989 0.258232
990 0.246619
991 0.261758
992 0.257215
993 0.253970
994 0.260475
995 0.256502
996 0.259190
997 0.244366
998 0.259747
999 0.253412
1000 0.247270
