100 0.000132
100 0.000293
100 0.000266
100 0.000129
100 0.000085
100 0.000085
100 0.000132
100 0.000114
100 0.000137
100 0.000453
100 0.000197
100 0.000197
100 0.000177
100 0.000205
100 0.000132
100 0.000116
100 0.000143
100 0.000128
100 0.000131
100 0.000129
100 0.000128
100 0.000132
100 0.000138
100 0.000128
100 0.000134
100 0.000139
100 0.000128
100 0.000134
100 0.000140
100 0.000127
100 0.000135
100 0.000138
100 0.000128
100 0.000134
100 0.000142
100 0.000129
100 0.000131
100 0.000142
100 0.000150
100 0.000133
100 0.000147
100 0.000130
100 0.000133
100 0.000141
100 0.000129
100 0.000134
100 0.000262
100 0.000140
100 0.000133
100 0.000130

200 0.000519
200 0.000523
200 0.000528
200 0.000533
200 0.001309
200 0.000516
200 0.000530
200 0.000390
200 0.000567
200 0.000635
200 0.000705
200 0.000589
200 0.000535
200 0.000578
200 0.000557
200 0.000609
200 0.000509
200 0.000528
200 0.000536
200 0.000568
200 0.000549
200 0.000544
200 0.000531
200 0.000826
200 0.000540
200 0.000529
200 0.000516
200 0.000472
200 0.000498
200 0.000529
200 0.000531
200 0.000531
200 0.000528
200 0.000561
200 0.000770
200 0.000645
200 0.000529
200 0.000545
200 0.000543
200 0.000531
200 0.000532
200 0.000334
200 0.000526
200 0.000529
200 0.000535
200 0.000534
200 0.000481
200 0.000621
200 0.000389
200 0.000536

300 0.001182
300 0.001158
300 0.002041
300 0.001020
300 0.001225
300 0.001203
300 0.001236
300 0.001213
300 0.001749
300 0.002319
300 0.002520
300 0.001294
300 0.001203
300 0.000969
300 0.001409
300 0.000861
300 0.000912
300 0.000847
300 0.001605
300 0.000819
300 0.001167
300 0.001291
300 0.001190
300 0.001568
300 0.001796
300 0.001361
300 0.001459
300 0.001182
300 0.000791
300 0.001133
300 0.001260
300 0.002059
300 0.001205
300 0.001982
300 0.002728
300 0.001181
300 0.001084
300 0.001378
300 0.001146
300 0.000887
300 0.000993
300 0.000897
300 0.000870
300 0.001216
300 0.000707
300 0.000839
300 0.000767
300 0.000858
300 0.000796
300 0.001111

400 0.001541
400 0.001751
400 0.002259
400 0.002574
400 0.001927
400 0.002517
400 0.002859
400 0.002223
400 0.002149
400 0.002669
400 0.001809
400 0.002129
400 0.002487
400 0.002197
400 0.002126
400 0.002112
400 0.001786
400 0.003064
400 0.002113
400 0.001270
400 0.001587
400 0.001477
400 0.001736
400 0.001554
400 0.001461
400 0.001589
400 0.001624
400 0.001718
400 0.002326
400 0.002083
400 0.002103
400 0.002135
400 0.002039
400 0.002281
400 0.002132
400 0.002116
400 0.001781
400 0.002494
400 0.002132
400 0.003126
400 0.002676
400 0.001778
400 0.002162
400 0.002106
400 0.002123
400 0.002654
400 0.002136
400 0.001885
400 0.001859
400 0.002140

500 0.003915
500 0.004297
500 0.003449
500 0.002938
500 0.003936
500 0.002909
500 0.002942
500 0.002515
500 0.003089
500 0.003203
500 0.003384
500 0.002517
500 0.002594
500 0.002638
500 0.004317
500 0.003375
500 0.003209
500 0.003445
500 0.003884
500 0.003443
500 0.003347
500 0.003463
500 0.003569
500 0.005708
500 0.003020
500 0.003297
500 0.004352
500 0.003591
500 0.002369
500 0.002290
500 0.003287
500 0.002849
500 0.003609
500 0.003959
500 0.003306
500 0.004966
500 0.002855
500 0.002394
500 0.002520
500 0.003757
500 0.002456
500 0.001975
500 0.003190
500 0.004630
500 0.004121
500 0.002373
500 0.009377
500 0.005720
500 0.002863
500 0.003718

600 0.005520
600 0.005566
600 0.005789
600 0.006045
600 0.004639
600 0.006075
600 0.004595
600 0.004022
600 0.004086
600 0.003378
600 0.004060
600 0.004515
600 0.004529
600 0.005396
600 0.004389
600 0.004827
600 0.004764
600 0.005717
600 0.005062
600 0.005394
600 0.006770
600 0.004820
600 0.004632
600 0.003652
600 0.003371
600 0.003631
600 0.006213
600 0.003593
600 0.006089
600 0.006346
600 0.004865
600 0.005217
600 0.004524
600 0.007207
600 0.005611
600 0.005103
600 0.005641
600 0.005411
600 0.004808
600 0.005157
600 0.005667
600 0.004682
600 0.006109
600 0.005026
600 0.005568
600 0.005691
600 0.004649
600 0.006331
600 0.005356
600 0.004955

700 0.007443
700 0.007353
700 0.009519
700 0.005237
700 0.006511
700 0.006433
700 0.007503
700 0.006914
700 0.007802
700 0.007940
700 0.007047
700 0.008622
700 0.007059
700 0.007154
700 0.006977
700 0.007707
700 0.006614
700 0.008702
700 0.007439
700 0.007145
700 0.008353
700 0.008068
700 0.005388
700 0.005203
700 0.005939
700 0.005240
700 0.006349
700 0.005507
700 0.006035
700 0.005185
700 0.005144
700 0.010313
700 0.007235
700 0.005283
700 0.005938
700 0.008347
700 0.006968
700 0.009900
700 0.006372
700 0.006728
700 0.005755
700 0.007001
700 0.006608
700 0.006531
700 0.007773
700 0.006606
700 0.006834
700 0.007831
700 0.005931
700 0.006239

800 0.007376
800 0.010236
800 0.007086
800 0.008057
800 0.009140
800 0.009984
800 0.009728
800 0.010219
800 0.010006
800 0.009796
800 0.010744
800 0.008963
800 0.009788
800 0.010691
800 0.009193
800 0.007176
800 0.007767
800 0.009545
800 0.009604
800 0.010326
800 0.008602
800 0.009869
800 0.010778
800 0.009161
800 0.010995
800 0.010282
800 0.009847
800 0.008857
800 0.009959
800 0.008969
800 0.011131
800 0.011209
800 0.013908
800 0.011275
800 0.014838
800 0.012616
800 0.011597
800 0.012746
800 0.010070
800 0.009533
800 0.011343
800 0.011900
800 0.009938
800 0.009465
800 0.011056
800 0.010320
800 0.010562
800 0.010365
800 0.011379
800 0.010030

900 0.012798
900 0.008672
900 0.010801
900 0.009601
900 0.010047
900 0.014076
900 0.014305
900 0.014471
900 0.012132
900 0.010084
900 0.009806
900 0.010332
900 0.009618
900 0.008364
900 0.013211
900 0.014714
900 0.015076
900 0.012582
900 0.014044
900 0.012466
900 0.011016
900 0.014458
900 0.014321
900 0.012487
900 0.010418
900 0.013515
900 0.012741
900 0.014124
900 0.014806
900 0.013640
900 0.013546
900 0.012708
900 0.011793
900 0.017145
900 0.013668
900 0.016924
900 0.014859
900 0.018126
900 0.017998
900 0.010261
900 0.012058
900 0.015279
900 0.014629
900 0.014359
900 0.015173
900 0.011012
900 0.009779
900 0.009463
900 0.015704
900 0.015150

1000 0.017332
1000 0.018535
1000 0.019795
1000 0.017405
1000 0.014090
1000 0.017476
1000 0.019292
1000 0.018038
1000 0.013318
1000 0.017419
1000 0.018318
1000 0.018953
1000 0.017499
1000 0.019135
1000 0.012301
1000 0.015444
1000 0.014864
1000 0.014645
1000 0.016456
1000 0.017200
1000 0.017165
1000 0.018025
1000 0.018744
1000 0.013313
1000 0.013012
1000 0.017559
1000 0.012735
1000 0.017802
1000 0.016286
1000 0.016324
1000 0.016939
1000 0.016578
1000 0.023153
1000 0.017872
1000 0.020005
1000 0.014300
1000 0.011937
1000 0.013989
1000 0.017211
1000 0.016831
1000 0.016821
1000 0.015701
1000 0.015776
1000 0.014236
1000 0.029510
1000 0.019733
1000 0.018745
1000 0.016838
1000 0.020251
1000 0.017514

1100 0.025233
1100 0.022342
1100 0.022134
1100 0.023576
1100 0.023879
1100 0.022173
1100 0.020320
1100 0.021826
1100 0.023147
1100 0.022622
1100 0.022086
1100 0.023172
1100 0.025897
1100 0.039737
1100 0.022001
1100 0.025473
1100 0.024743
1100 0.022354
1100 0.018601
1100 0.022294
1100 0.019536
1100 0.021642
1100 0.022524
1100 0.026934
1100 0.018198
1100 0.022824
1100 0.023422
1100 0.019137
1100 0.022953
1100 0.025991
1100 0.019511
1100 0.021592
1100 0.021931
1100 0.020258
1100 0.023863
1100 0.019050
1100 0.023238
1100 0.018444
1100 0.017192
1100 0.020663
1100 0.025708
1100 0.023356
1100 0.024404
1100 0.019678
1100 0.025813
1100 0.020819
1100 0.019997
1100 0.019183
1100 0.024559
1100 0.024735

1200 0.029851
1200 0.027280
1200 0.026082
1200 0.030108
1200 0.030414
1200 0.028961
1200 0.027438
1200 0.028715
1200 0.024403
1200 0.028732
1200 0.028578
1200 0.026708
1200 0.022576
1200 0.026671
1200 0.028498
1200 0.029290
1200 0.023436
1200 0.023862
1200 0.030481
1200 0.030010
1200 0.032785
1200 0.027463
1200 0.028788
1200 0.029910
1200 0.028496
1200 0.023913
1200 0.027296
1200 0.027935
1200 0.027914
1200 0.027890
1200 0.024387
1200 0.027906
1200 0.027305
1200 0.031307
1200 0.028368
1200 0.029008
1200 0.027945
1200 0.028746
1200 0.027489
1200 0.027912
1200 0.030882
1200 0.028769
1200 0.028833
1200 0.029330
1200 0.023701
1200 0.026971
1200 0.027983
1200 0.029635
1200 0.028912
1200 0.026912

1300 0.035062
1300 0.028659
1300 0.027661
1300 0.036247
1300 0.033674
1300 0.027943
1300 0.034629
1300 0.034928
1300 0.036326
1300 0.035324
1300 0.036544
1300 0.032635
1300 0.031584
1300 0.028848
1300 0.037580
1300 0.037518
1300 0.037190
1300 0.035473
1300 0.038433
1300 0.036788
1300 0.029975
1300 0.031376
1300 0.042285
1300 0.030495
1300 0.034974
1300 0.044692
1300 0.034414
1300 0.030584
1300 0.035216
1300 0.029627
1300 0.036462
1300 0.035767
1300 0.034153
1300 0.028498
1300 0.034719
1300 0.034653
1300 0.035578
1300 0.029045
1300 0.032362
1300 0.032795
1300 0.031653
1300 0.038013
1300 0.032348
1300 0.034645
1300 0.032930
1300 0.030788
1300 0.029639
1300 0.037864
1300 0.034105
1300 0.033244

1400 0.041627
1400 0.041781
1400 0.034309
1400 0.039788
1400 0.044943
1400 0.038216
1400 0.048229
1400 0.040685
1400 0.043551
1400 0.043653
1400 0.040946
1400 0.044044
1400 0.041460
1400 0.050925
1400 0.044797
1400 0.038217
1400 0.038618
1400 0.041433
1400 0.043196
1400 0.040764
1400 0.042866
1400 0.043735
1400 0.041358
1400 0.047033
1400 0.042826
1400 0.042942
1400 0.042124
1400 0.037632
1400 0.042036
1400 0.045272
1400 0.037257
1400 0.045002
1400 0.037516
1400 0.041697
1400 0.037364
1400 0.035065
1400 0.040515
1400 0.039536
1400 0.037491
1400 0.039208
1400 0.037940
1400 0.042143
1400 0.037796
1400 0.033577
1400 0.040237
1400 0.039860
1400 0.042730
1400 0.039946
1400 0.041766
1400 0.040522

1500 0.044594
1500 0.046021
1500 0.050396
1500 0.050732
1500 0.048881
1500 0.047649
1500 0.042840
1500 0.048188
1500 0.048174
1500 0.046378
1500 0.061067
1500 0.050287
1500 0.039609
1500 0.053728
1500 0.046314
1500 0.042788
1500 0.050241
1500 0.047642
1500 0.046554
1500 0.047621
1500 0.049362
1500 0.048967
1500 0.051920
1500 0.048231
1500 0.049250
1500 0.048232
1500 0.050255
1500 0.047067
1500 0.047607
1500 0.044857
1500 0.046260
1500 0.049657
1500 0.047069
1500 0.049571
1500 0.048126
1500 0.047990
1500 0.047760
1500 0.048584
1500 0.045836
1500 0.046004
1500 0.043412
1500 0.047589
1500 0.046782
1500 0.048224
1500 0.044407
1500 0.049923
1500 0.045027
1500 0.043079
1500 0.047760
1500 0.048453

1600 0.053556
1600 0.052153
1600 0.058564
1600 0.056458
1600 0.055331
1600 0.055226
1600 0.057300
1600 0.052434
1600 0.055368
1600 0.056956
1600 0.055212
1600 0.053082
1600 0.060697
1600 0.056110
1600 0.056350
1600 0.053966
1600 0.056998
1600 0.057188
1600 0.047158
1600 0.057288
1600 0.048275
1600 0.057007
1600 0.050329
1600 0.054885
1600 0.053433
1600 0.055728
1600 0.058546
1600 0.060188
1600 0.053864
1600 0.050800
1600 0.056891
1600 0.054525
1600 0.056566
1600 0.050415
1600 0.055418
1600 0.055378
1600 0.056629
1600 0.056237
1600 0.053481
1600 0.048308
1600 0.059879
1600 0.062839
1600 0.057183
1600 0.058455
1600 0.054377
1600 0.053024
1600 0.056751
1600 0.060096
1600 0.053315
1600 0.058183

1700 0.062398
1700 0.062253
1700 0.060194
1700 0.062640
1700 0.058740
1700 0.059941
1700 0.064725
1700 0.062594
1700 0.057866
1700 0.058865
1700 0.075552
1700 0.057017
1700 0.064031
1700 0.064458
1700 0.064108
1700 0.056910
1700 0.062470
1700 0.050409
1700 0.055131
1700 0.066461
1700 0.059173
1700 0.070360
1700 0.063124
1700 0.061633
1700 0.059836
1700 0.059536
1700 0.065160
1700 0.068462
1700 0.062965
1700 0.061342
1700 0.056888
1700 0.063740
1700 0.058200
1700 0.058934
1700 0.052067
1700 0.064175
1700 0.065298
1700 0.061174
1700 0.069566
1700 0.062910
1700 0.060321
1700 0.064930
1700 0.063412
1700 0.059310
1700 0.062810
1700 0.062220
1700 0.062648
1700 0.083812
1700 0.077187
1700 0.065994

1800 0.077486
1800 0.072380
1800 0.077385
1800 0.070805
1800 0.074115
1800 0.072392
1800 0.070338
1800 0.074652
1800 0.068383
1800 0.080818
1800 0.077228
1800 0.071107
1800 0.082924
1800 0.078175
1800 0.075003
1800 0.080195
1800 0.071903
1800 0.073474
1800 0.075364
1800 0.065219
1800 0.073825
1800 0.074531
1800 0.077407
1800 0.066441
1800 0.073663
1800 0.073510
1800 0.078121
1800 0.075691
1800 0.081319
1800 0.084743
1800 0.075001
1800 0.074968
1800 0.074657
1800 0.071799
1800 0.075556
1800 0.071505
1800 0.073758
1800 0.077889
1800 0.070633
1800 0.078115
1800 0.063419
1800 0.074588
1800 0.079471
1800 0.073797
1800 0.069318
1800 0.074195
1800 0.077264
1800 0.065654
1800 0.075479
1800 0.075020

1900 0.087626
1900 0.084513
1900 0.085175
1900 0.087121
1900 0.074691
1900 0.088799
1900 0.092698
1900 0.090245
1900 0.081038
1900 0.088053
1900 0.086887
1900 0.092414
1900 0.085416
1900 0.087423
1900 0.087280
1900 0.080616
1900 0.086948
1900 0.082379
1900 0.081501
1900 0.090006
1900 0.078947
1900 0.086346
1900 0.086374
1900 0.086874
1900 0.083214
1900 0.085273
1900 0.086381
1900 0.088124
1900 0.090151
1900 0.082655
1900 0.084187
1900 0.089098
1900 0.087639
1900 0.083419
1900 0.082500
1900 0.087905
1900 0.076210
1900 0.083455
1900 0.084629
1900 0.084479
1900 0.086600
1900 0.078405
1900 0.084039
1900 0.076186
1900 0.084173
1900 0.084451
1900 0.078114
1900 0.083324
1900 0.083427
1900 0.082222

2000 0.093861
2000 0.089876
2000 0.094266
2000 0.093370
2000 0.097410
2000 0.081534
2000 0.098921
2000 0.094389
2000 0.096856
2000 0.097439
2000 0.092477
2000 0.096767
2000 0.099088
2000 0.093379
2000 0.093994
2000 0.096226
2000 0.092366
2000 0.090501
2000 0.096055
2000 0.095589
2000 0.095466
2000 0.093052
2000 0.094456
2000 0.083333
2000 0.091078
2000 0.098932
2000 0.093191
2000 0.095242
2000 0.084818
2000 0.093205
2000 0.098397
2000 0.093856
2000 0.095535
2000 0.090821
2000 0.088848
2000 0.085302
2000 0.095547
2000 0.096037
2000 0.098648
2000 0.093624
2000 0.096908
2000 0.090040
2000 0.090185
2000 0.088751
2000 0.098853
2000 0.096038
2000 0.093704
2000 0.091469
2000 0.087629
2000 0.092299

2100 0.106473
2100 0.109154
2100 0.106513
2100 0.108297
2100 0.097086
2100 0.104396
2100 0.102808
2100 0.103103
2100 0.094611
2100 0.101159
2100 0.103171
2100 0.108314
2100 0.101723
2100 0.101191
2100 0.112113
2100 0.110783
2100 0.104968
2100 0.098920
2100 0.109440
2100 0.105773
2100 0.111823
2100 0.108025
2100 0.106154
2100 0.110011
2100 0.111705
2100 0.106135
2100 0.112913
2100 0.106570
2100 0.105088
2100 0.108441
2100 0.101414
2100 0.111657
2100 0.105358
2100 0.099133
2100 0.102452
2100 0.109051
2100 0.104402
2100 0.103430
2100 0.096072
2100 0.104179
2100 0.108688
2100 0.111421
2100 0.099635
2100 0.105281
2100 0.107157
2100 0.105660
2100 0.111948
2100 0.107994
2100 0.110876
2100 0.109050

2200 0.119963
2200 0.124027
2200 0.120261
2200 0.121591
2200 0.123336
2200 0.124003
2200 0.135621
2200 0.130146
2200 0.116001
2200 0.163413
2200 0.141767
2200 0.142784
2200 0.124111
2200 0.124767
2200 0.132682
2200 0.134059
2200 0.127679
2200 0.130443
2200 0.136428
2200 0.138981
2200 0.130780
2200 0.143344
2200 0.121579
2200 0.119817
2200 0.118378
2200 0.119744
2200 0.118494
2200 0.123599
2200 0.117212
2200 0.124924
2200 0.127847
2200 0.117394
2200 0.132486
2200 0.117481
2200 0.129325
2200 0.124404
2200 0.119570
2200 0.124780
2200 0.115982
2200 0.122150
2200 0.114465
2200 0.116500
2200 0.127340
2200 0.123998
2200 0.127015
2200 0.122889
2200 0.123580
2200 0.128450
2200 0.123294
2200 0.125227

2300 0.138728
2300 0.140265
2300 0.136293
2300 0.132825
2300 0.131397
2300 0.133079
2300 0.130454
2300 0.131419
2300 0.136994
2300 0.131034
2300 0.139763
2300 0.131576
2300 0.128646
2300 0.133932
2300 0.132917
2300 0.129177
2300 0.132336
2300 0.130125
2300 0.130816
2300 0.133302
2300 0.140130
2300 0.131190
2300 0.130874
2300 0.123124
2300 0.132149
2300 0.145943
2300 0.130842
2300 0.129743
2300 0.131436
2300 0.134445
2300 0.171014
2300 0.131983
2300 0.145095
2300 0.135495
2300 0.142579
2300 0.130401
2300 0.134306
2300 0.126321
2300 0.135515
2300 0.131016
2300 0.143160
2300 0.136404
2300 0.129374
2300 0.143799
2300 0.141403
2300 0.145729
2300 0.135014
2300 0.132581
2300 0.141958
2300 0.158481

2400 0.137965
2400 0.141729
2400 0.149502
2400 0.150359
2400 0.161111
2400 0.145424
2400 0.154316
2400 0.152988
2400 0.144303
2400 0.150885
2400 0.192205
2400 0.148466
2400 0.141946
2400 0.152542
2400 0.154456
2400 0.146833
2400 0.151038
2400 0.143853
2400 0.151289
2400 0.152062
2400 0.154708
2400 0.145855
2400 0.148871
2400 0.151152
2400 0.144865
2400 0.146307
2400 0.140131
2400 0.147551
2400 0.144903
2400 0.147743
2400 0.144148
2400 0.147851
2400 0.145498
2400 0.147867
2400 0.147204
2400 0.146254
2400 0.146302
2400 0.147676
2400 0.150064
2400 0.146591
2400 0.146950
2400 0.150811
2400 0.146138
2400 0.144766
2400 0.146260
2400 0.158565
2400 0.143820
2400 0.142374
2400 0.165823
2400 0.148512

2500 0.161329
2500 0.156085
2500 0.179171
2500 0.343684
2500 0.248735
2500 0.259840
2500 0.290712
2500 0.235373
2500 0.277006
2500 0.220941
2500 0.235998
2500 0.203772
2500 0.235372
2500 0.275476
2500 0.383044
2500 0.237032
2500 0.296342
2500 0.290623
2500 0.293841
2500 0.302742
2500 0.248167
2500 0.225513
2500 0.210520
2500 0.269163
2500 0.254541
2500 0.224177
2500 0.251537
2500 0.235897
2500 0.200199
2500 0.245076
2500 0.185188
2500 0.256731
2500 0.205876
2500 0.225948
2500 0.225649
2500 0.229529
2500 0.187323
2500 0.208661
2500 0.204774
2500 0.217538
2500 0.192392
2500 0.265342
2500 0.225332
2500 0.210633
2500 0.220844
2500 0.205171
2500 0.256298
2500 0.189779
2500 0.269793
2500 0.213699

2600 0.218061
2600 0.259064
2600 0.268619
2600 0.282063
2600 0.303503
2600 0.269058
2600 0.234009
2600 0.214926
2600 0.239417
2600 0.278902
2600 0.245347
2600 0.241007
2600 0.243971
2600 0.273957
2600 0.213000
2600 0.285024
2600 0.229689
2600 0.219664
2600 0.257200
2600 0.289942
2600 0.301177
2600 0.230628
2600 0.243196
2600 0.247602
2600 0.247213
2600 0.237466
2600 0.249606
2600 0.245523
2600 0.230364
2600 0.269404
2600 0.275186
2600 0.229740
2600 0.231196
2600 0.237611
2600 0.254917
2600 0.268456
2600 0.275322
2600 0.360576
2600 0.222225
2600 0.266312
2600 0.219017
2600 0.270325
2600 0.234100
2600 0.269864
2600 0.205891
2600 0.204855
2600 0.250102
2600 0.274223
2600 0.251506
2600 0.233120

2700 0.270446
2700 0.258659
2700 0.235903
2700 0.312308
2700 0.229965
2700 0.262506
2700 0.303860
2700 0.272958
2700 0.301463
2700 0.267022
2700 0.284371
2700 0.268265
2700 0.259047
2700 0.255223
2700 0.282937
2700 0.281028
2700 0.268610
2700 0.307760
2700 0.265513
2700 0.297700
2700 0.247640
2700 0.285182
2700 0.258590
2700 0.286981
2700 0.273740
2700 0.266107
2700 0.280452
2700 0.285775
2700 0.276460
2700 0.302231
2700 0.248228
2700 0.269840
2700 0.261838
2700 0.337227
2700 0.298857
2700 0.352482
2700 0.293985
2700 0.276897
2700 0.285238
2700 0.284167
2700 0.280958
2700 0.273342
2700 0.271878
2700 0.301636
2700 0.278282
2700 0.320556
2700 0.239456
2700 0.293236
2700 0.259368
2700 0.280390

2800 0.266710
2800 0.307948
2800 0.287516
2800 0.318419
2800 0.274730
2800 0.294283
2800 0.309916
2800 0.294691
2800 0.311749
2800 0.320226
2800 0.296114
2800 0.290147
2800 0.311814
2800 0.268019
2800 0.320250
2800 0.266248
2800 0.281001
2800 0.318754
2800 0.264221
2800 0.294893
2800 0.312516
2800 0.298134
2800 0.245014
2800 0.303748
2800 0.274744
2800 0.327444
2800 0.314242
2800 0.274342
2800 0.282813
2800 0.287476
2800 0.265087
2800 0.301250
2800 0.288575
2800 0.328656
2800 0.302046
2800 0.304622
2800 0.319493
2800 0.321690
2800 0.273135
2800 0.295835
2800 0.267182
2800 0.301011
2800 0.290684
2800 0.258914
2800 0.337788
2800 0.294235
2800 0.262835
2800 0.209296
2800 0.195718
2800 0.208947

2900 0.211365
2900 0.212961
2900 0.266252
2900 0.232899
2900 0.222806
2900 0.226573
2900 0.220271
2900 0.243291
2900 0.219668
2900 0.223115
2900 0.220570
2900 0.230259
2900 0.224477
2900 0.217819
2900 0.224567
2900 0.220290
2900 0.227765
2900 0.221518
2900 0.226948
2900 0.228598
2900 0.216887
2900 0.225282
2900 0.229578
2900 0.226844
2900 0.226626
2900 0.223332
2900 0.221171
2900 0.219096
2900 0.227774
2900 0.215394
2900 0.230978
2900 0.218715
2900 0.225093
2900 0.226856
2900 0.238531
2900 0.223877
2900 0.226278
2900 0.238555
2900 0.223430
2900 0.231691
2900 0.221581
2900 0.224970
2900 0.226103
2900 0.232315
2900 0.222812
2900 0.225380
2900 0.226841
2900 0.222547
2900 0.213873
2900 0.224984

3000 0.238649
3000 0.231932
3000 0.237188
3000 0.244606
3000 0.235018
3000 0.233604
3000 0.248009
3000 0.236183
3000 0.232616
3000 0.236392
3000 0.234698
3000 0.242196
3000 0.242371
3000 0.233528
3000 0.238535
3000 0.234837
3000 0.240453
3000 0.231394
3000 0.246903
3000 0.229430
3000 0.228248
3000 0.236552
3000 0.250091
3000 0.232842
3000 0.239335
3000 0.247905
3000 0.239321
3000 0.253838
3000 0.236421
3000 0.250146
3000 0.239366
3000 0.244257
3000 0.234740
3000 0.242985
3000 0.240624
3000 0.232365
3000 0.224613
3000 0.245882
3000 0.234993
3000 0.239170
3000 0.243318
3000 0.230084
3000 0.241401
3000 0.246174
3000 0.251928
3000 0.250231
3000 0.237178
3000 0.233933
3000 0.254293
3000 0.252808

3100 0.264842
3100 0.256068
3100 0.255158
3100 0.266220
3100 0.253453
3100 0.249302
3100 0.248276
3100 0.259543
3100 0.260854
3100 0.253150
3100 0.264132
3100 0.253675
3100 0.252842
3100 0.263189
3100 0.264811
3100 0.256538
3100 0.267364
3100 0.251854
3100 0.245298
3100 0.260145
3100 0.255282
3100 0.264041
3100 0.255949
3100 0.253396
3100 0.250522
3100 0.249828
3100 0.243943
3100 0.252249
3100 0.261283
3100 0.259028
3100 0.261046
3100 0.253515
3100 0.249258
3100 0.258890
3100 0.251609
3100 0.288905
3100 0.258797
3100 0.263456
3100 0.250458
3100 0.274310
3100 0.254427
3100 0.254536
3100 0.264668
3100 0.252653
3100 0.252385
3100 0.263336
3100 0.259214
3100 0.265587
3100 0.261037
3100 0.258719

3200 0.262050
3200 0.277053
3200 0.267787
3200 0.264857
3200 0.284527
3200 0.282351
3200 0.273130
3200 0.281478
3200 0.270796
3200 0.276691
3200 0.289908
3200 0.275764
3200 0.277263
3200 0.266163
3200 0.274024
3200 0.275113
3200 0.285094
3200 0.275996
3200 0.282114
3200 0.271616
3200 0.274149
3200 0.280781
3200 0.274829
3200 0.262870
3200 0.280309
3200 0.279018
3200 0.277835
3200 0.262302
3200 0.265768
3200 0.280492
3200 0.266722
3200 0.286757
3200 0.276031
3200 0.286879
3200 0.299270
3200 0.274224
3200 0.273648
3200 0.269126
3200 0.275577
3200 0.264400
3200 0.281730
3200 0.271773
3200 0.280050
3200 0.269916
3200 0.274748
3200 0.271838
3200 0.271013
3200 0.272582
3200 0.272844
3200 0.286636

3300 0.334165
3300 0.300072
3300 0.307097
3300 0.296577
3300 0.301259
3300 0.288049
3300 0.301655
3300 0.288373
3300 0.302600
3300 0.296278
3300 0.300139
3300 0.305665
3300 0.301962
3300 0.286132
3300 0.299642
3300 0.293674
3300 0.284418
3300 0.298019
3300 0.298522
3300 0.292562
3300 0.281756
3300 0.308907
3300 0.310177
3300 0.292643
3300 0.299632
3300 0.298269
3300 0.288449
3300 0.285406
3300 0.293686
3300 0.292782
3300 0.295001
3300 0.305699
3300 0.294658
3300 0.295479
3300 0.302940
3300 0.298727
3300 0.312486
3300 0.301778
3300 0.301555
3300 0.287659
3300 0.293703
3300 0.292576
3300 0.299222
3300 0.285095
3300 0.305395
3300 0.285690
3300 0.293727
3300 0.300388
3300 0.290680
3300 0.302080

3400 0.311349
3400 0.318815
3400 0.322933
3400 0.316820
3400 0.318627
3400 0.331224
3400 0.316813
3400 0.312501
3400 0.313794
3400 0.316786
3400 0.323493
3400 0.326044
3400 0.318316
3400 0.318172
3400 0.323513
3400 0.317178
3400 0.308246
3400 0.317861
3400 0.308962
3400 0.313787
3400 0.325345
3400 0.322113
3400 0.316572
3400 0.326968
3400 0.325742
3400 0.327885
3400 0.317301
3400 0.325215
3400 0.322201
3400 0.316272
3400 0.319508
3400 0.317600
3400 0.313661
3400 0.312876
3400 0.312992
3400 0.326527
3400 0.322342
3400 0.321178
3400 0.315163
3400 0.326292
3400 0.314871
3400 0.325573
3400 0.319391
3400 0.312270
3400 0.322968
3400 0.323577
3400 0.311548
3400 0.306205
3400 0.316802
3400 0.314065

3500 0.326027
3500 0.334986
3500 0.333666
3500 0.328601
3500 0.325849
3500 0.333455
3500 0.340138
3500 0.329094
3500 0.316632
3500 0.334375
3500 0.336314
3500 0.332662
3500 0.341125
3500 0.347351
3500 0.341182
3500 0.341058
3500 0.348485
3500 0.358496
3500 0.342192
3500 0.358003
3500 0.348667
3500 0.349161
3500 0.338385
3500 0.352240
3500 0.344754
3500 0.339799
3500 0.328351
3500 0.338292
3500 0.341887
3500 0.334271
3500 0.333415
3500 0.357713
3500 0.340761
3500 0.353696
3500 0.340699
3500 0.324412
3500 0.342802
3500 0.336402
3500 0.331758
3500 0.331456
3500 0.344155
3500 0.336594
3500 0.329129
3500 0.330870
3500 0.338781
3500 0.341781
3500 0.347268
3500 0.350809
3500 0.345683
3500 0.345810

3600 0.346896
3600 0.356799
3600 0.347654
3600 0.368846
3600 0.350971
3600 0.354834
3600 0.342827
3600 0.359822
3600 0.362094
3600 0.361528
3600 0.352715
3600 0.345160
3600 0.357402
3600 0.354084
3600 0.355328
3600 0.367389
3600 0.350909
3600 0.350478
3600 0.361125
3600 0.358512
3600 0.363664
3600 0.361366
3600 0.355466
3600 0.360863
3600 0.358363
3600 0.368135
3600 0.360202
3600 0.357731
3600 0.358324
3600 0.338166
3600 0.350092
3600 0.353148
3600 0.370663
3600 0.346065
3600 0.351672
3600 0.343853
3600 0.353027
3600 0.356729
3600 0.350469
3600 0.357019
3600 0.363883
3600 0.359491
3600 0.352569
3600 0.367724
3600 0.336746
3600 0.351922
3600 0.381229
3600 0.356028
3600 0.363674
3600 0.357463

3700 0.379317
3700 0.380028
3700 0.387844
3700 0.366789
3700 0.389021
3700 0.371132
3700 0.394824
3700 0.376717
3700 0.387947
3700 0.399042
3700 0.387789
3700 0.393946
3700 0.376611
3700 0.396452
3700 0.378806
3700 0.393392
3700 0.394875
3700 0.369535
3700 0.383221
3700 0.369054
3700 0.391328
3700 0.391042
3700 0.389689
3700 0.395891
3700 0.380641
3700 0.378952
3700 0.378819
3700 0.395937
3700 0.405152
3700 0.374182
3700 0.381441
3700 0.380949
3700 0.399722
3700 0.436286
3700 0.390572
3700 0.373765
3700 0.393758
3700 0.383126
3700 0.379716
3700 0.401174
3700 0.389902
3700 0.406607
3700 0.369273
3700 0.363560
3700 0.372905
3700 0.373051
3700 0.374984
3700 0.385180
3700 0.382367
3700 0.384126

3800 0.407315
3800 0.409383
3800 0.427664
3800 0.405309
3800 0.424727
3800 0.405707
3800 0.406034
3800 0.398437
3800 0.400135
3800 0.418130
3800 0.401464
3800 0.410112
3800 0.408850
3800 0.398765
3800 0.405732
3800 0.426945
3800 0.396587
3800 0.400468
3800 0.411970
3800 0.412982
3800 0.420835
3800 0.407892
3800 0.413066
3800 0.440296
3800 0.401984
3800 0.412665
3800 0.405484
3800 0.413963
3800 0.423326
3800 0.414391
3800 0.409806
3800 0.405804
3800 0.412715
3800 0.413910
3800 0.405990
3800 0.401773
3800 0.408658
3800 0.406658
3800 0.411184
3800 0.410404
3800 0.418160
3800 0.417553
3800 0.395783
3800 0.400984
3800 0.400196
3800 0.405819
3800 0.405627
3800 0.408542
3800 0.402573
3800 0.397483

3900 0.453523
3900 0.449538
3900 0.436596
3900 0.428704
3900 0.454946
3900 0.440295
3900 0.436054
3900 0.419469
3900 0.439702
3900 0.471526
3900 0.420386
3900 0.434679
3900 0.463477
3900 0.426836
3900 0.430602
3900 0.471572
3900 0.444029
3900 0.440155
3900 0.447513
3900 0.437832
3900 0.424884
3900 0.466404
3900 0.455170
3900 0.425875
3900 0.430024
3900 0.442791
3900 0.438426
3900 0.453769
3900 0.439050
3900 0.426118
3900 0.469256
3900 0.425686
3900 0.427268
3900 0.442937
3900 0.446864
3900 0.426932
3900 0.420691
3900 0.439175
3900 0.433795
3900 0.419632
3900 0.447526
3900 0.430842
3900 0.441613
3900 0.419855
3900 0.443122
3900 0.434546
3900 0.419556
3900 0.416734
3900 0.430930
3900 0.424932

4000 0.454416
4000 0.440887
4000 0.454767
4000 0.462496
4000 0.449401
4000 0.457235
4000 0.452395
4000 0.451483
4000 0.444182
4000 0.449396
4000 0.460574
4000 0.455116
4000 0.457124
4000 0.460961
4000 0.452378
4000 0.477470
4000 0.450320
4000 0.477388
4000 0.450159
4000 0.457881
4000 0.456025
4000 0.448888
4000 0.455385
4000 0.455075
4000 0.455420
4000 0.454548
4000 0.455100
4000 0.467547
4000 0.457961
4000 0.458274
4000 0.472692
4000 0.459728
4000 0.464882
4000 0.468763
4000 0.492156
4000 0.501762
4000 0.463416
4000 0.463504
4000 0.454242
4000 0.448285
4000 0.438824
4000 0.452553
4000 0.445411
4000 0.456416
4000 0.454354
4000 0.440712
4000 0.440848
4000 0.442582
4000 0.464145
4000 0.456696

4100 0.500891
4100 0.480464
4100 0.489344
4100 0.493108
4100 0.488933
4100 0.477679
4100 0.502102
4100 0.463511
4100 0.474894
4100 0.492215
4100 0.485780
4100 0.476136
4100 0.482559
4100 0.489093
4100 0.484797
4100 0.489487
4100 0.456852
4100 0.485812
4100 0.483370
4100 0.468894
4100 0.489585
4100 0.482798
4100 0.475605
4100 0.486624
4100 0.469869
4100 0.486254
4100 0.480391
4100 0.472031
4100 0.473516
4100 0.496502
4100 0.477519
4100 0.484113
4100 0.493222
4100 0.474376
4100 0.493483
4100 0.474026
4100 0.488561
4100 0.476309
4100 0.479909
4100 0.476697
4100 0.499236
4100 0.499064
4100 0.504749
4100 0.500898
4100 0.484666
4100 0.493007
4100 0.495312
4100 0.481098
4100 0.493295
4100 0.505686

4200 0.534824
4200 0.505138
4200 0.528684
4200 0.561757
4200 0.527002
4200 0.533171
4200 0.508144
4200 0.513617
4200 0.518548
4200 0.518186
4200 0.526027
4200 0.528785
4200 0.516147
4200 0.493889
4200 0.517777
4200 0.527433
4200 0.520777
4200 0.528982
4200 0.517234
4200 0.513519
4200 0.508015
4200 0.505034
4200 0.520237
4200 0.522765
4200 0.525050
4200 0.520143
4200 0.504826
4200 0.526367
4200 0.509750
4200 0.517510
4200 0.529974
4200 0.524317
4200 0.536227
4200 0.518074
4200 0.507178
4200 0.504320
4200 0.515950
4200 0.509321
4200 0.517244
4200 0.502526
4200 0.529412
4200 0.505580
4200 0.503809
4200 0.510447
4200 0.508614
4200 0.491506
4200 0.515926
4200 0.510906
4200 0.519132
4200 0.509551

4300 0.545889
4300 0.530094
4300 0.556585
4300 0.546571
4300 0.545627
4300 0.570085
4300 0.535355
4300 0.560964
4300 0.568696
4300 0.553630
4300 0.545967
4300 0.543722
4300 0.540268
4300 0.534630
4300 0.528289
4300 0.585186
4300 0.530762
4300 0.572157
4300 0.526761
4300 0.544775
4300 0.542712
4300 0.523999
4300 0.542419
4300 0.553687
4300 0.542372
4300 0.538052
4300 0.535640
4300 0.543874
4300 0.536587
4300 0.529276
4300 0.549229
4300 0.544123
4300 0.539107
4300 0.547449
4300 0.539072
4300 0.531474
4300 0.530862
4300 0.574960
4300 0.534824
4300 0.535384
4300 0.548586
4300 0.551397
4300 0.549504
4300 0.545696
4300 0.531644
4300 0.544445
4300 0.541852
4300 0.525411
4300 0.528444
4300 0.520630

4400 0.570253
4400 0.565872
4400 0.564670
4400 0.563318
4400 0.574598
4400 0.557270
4400 0.573459
4400 0.565918
4400 0.582368
4400 0.562255
4400 0.569372
4400 0.569805
4400 0.562351
4400 0.561301
4400 0.577203
4400 0.553046
4400 0.585465
4400 0.568692
4400 0.566520
4400 0.573463
4400 0.567260
4400 0.585729
4400 0.572954
4400 0.568842
4400 0.558804
4400 0.597225
4400 0.564740
4400 0.584004
4400 0.563293
4400 0.561311
4400 0.560566
4400 0.562443
4400 0.560641
4400 0.589437
4400 0.581926
4400 0.573298
4400 0.565388
4400 0.580675
4400 0.551669
4400 0.572410
4400 0.559064
4400 0.561839
4400 0.561884
4400 0.586267
4400 0.550849
4400 0.578354
4400 0.569548
4400 0.581509
4400 0.584123
4400 0.565552

4500 0.596963
4500 0.593094
4500 0.590511
4500 0.597982
4500 0.594268
4500 0.591586
4500 0.611458
4500 0.615603
4500 0.590374
4500 0.615865
4500 0.617313
4500 0.660662
4500 0.613289
4500 0.607339
4500 0.598709
4500 0.605663
4500 0.594167
4500 0.581010
4500 0.608708
4500 0.589621
4500 0.595784
4500 0.598698
4500 0.592495
4500 0.586644
4500 0.594867
4500 0.604190
4500 0.606689
4500 0.605983
4500 0.586414
4500 0.589611
4500 0.607291
4500 0.670061
4500 0.581768
4500 0.631928
4500 0.602762
4500 0.600352
4500 0.621041
4500 0.598009
4500 0.599135
4500 0.592336
4500 0.589671
4500 0.609962
4500 0.583957
4500 0.602288
4500 0.608603
4500 0.616013
4500 0.600906
4500 0.616136
4500 0.620324
4500 0.654768

4600 0.623185
4600 0.630803
4600 0.615474
4600 0.618891
4600 0.634539
4600 0.619696
4600 0.605414
4600 0.603732
4600 0.627501
4600 0.628683
4600 0.620093
4600 0.621442
4600 0.618291
4600 0.636533
4600 0.623506
4600 0.614064
4600 0.610261
4600 0.638584
4600 0.607612
4600 0.614629
4600 0.625711
4600 0.631589
4600 0.615283
4600 0.617018
4600 0.622122
4600 0.614494
4600 0.633165
4600 0.624370
4600 0.616604
4600 0.629936
4600 0.603191
4600 0.616378
4600 0.626235
4600 0.612850
4600 0.616996
4600 0.617546
4600 0.642742
4600 0.630801
4600 0.619687
4600 0.632287
4600 0.622317
4600 0.597547
4600 0.615698
4600 0.618347
4600 0.611924
4600 0.618220
4600 0.620284
4600 0.630241
4600 0.636032
4600 0.623985

4700 0.645734
4700 0.636573
4700 0.657872
4700 0.644895
4700 0.637889
4700 0.634694
4700 0.648267
4700 0.664358
4700 0.647752
4700 0.652387
4700 0.664987
4700 0.642398
4700 0.641624
4700 0.658927
4700 0.649799
4700 0.649538
4700 0.673757
4700 0.629745
4700 0.659438
4700 0.662013
4700 0.661168
4700 0.664351
4700 0.668276
4700 0.645419
4700 0.635947
4700 0.629624
4700 0.665672
4700 0.662678
4700 0.649312
4700 0.641193
4700 0.653963
4700 0.640683
4700 0.648317
4700 0.650926
4700 0.667288
4700 0.627378
4700 0.685470
4700 0.666258
4700 0.648006
4700 0.663086
4700 0.657374
4700 0.653660
4700 0.639880
4700 0.666598
4700 0.663769
4700 0.629120
4700 0.659619
4700 0.651284
4700 0.638623
4700 0.653855

4800 0.672045
4800 0.677114
4800 0.671945
4800 0.676864
4800 0.681946
4800 0.671689
4800 0.668901
4800 0.690933
4800 0.697995
4800 0.689926
4800 0.670810
4800 0.685566
4800 0.671624
4800 0.699206
4800 0.707195
4800 0.671935
4800 0.675444
4800 0.699127
4800 0.665478
4800 0.647494
4800 0.679341
4800 0.693277
4800 0.668299
4800 0.695225
4800 0.699422
4800 0.705998
4800 0.684321
4800 0.696447
4800 0.682008
4800 0.688464
4800 0.684873
4800 0.664008
4800 0.691392
4800 0.686127
4800 0.695062
4800 0.711044
4800 0.709982
4800 0.688986
4800 0.667702
4800 0.693573
4800 0.678787
4800 0.716150
4800 0.676097
4800 0.684919
4800 0.671873
4800 0.662739
4800 0.683359
4800 0.719217
4800 0.688240
4800 0.676757

4900 0.707295
4900 0.712571
4900 0.700179
4900 0.681804
4900 0.694434
4900 0.715643
4900 0.707084
4900 0.705329
4900 0.714754
4900 0.719196
4900 0.716324
4900 0.694442
4900 0.715077
4900 0.708275
4900 0.709298
4900 0.713469
4900 0.694462
4900 0.721510
4900 0.719601
4900 0.698948
4900 0.700297
4900 0.711016
4900 0.728177
4900 0.713037
4900 0.693721
4900 0.714146
4900 0.706674
4900 0.696513
4900 0.727883
4900 0.724440
4900 0.699700
4900 0.701446
4900 0.728923
4900 0.736104
4900 0.720086
4900 0.716503
4900 0.698621
4900 0.702794
4900 0.695088
4900 0.695526
4900 0.705185
4900 0.710826
4900 0.715153
4900 0.702929
4900 0.695044
4900 0.729669
4900 0.711397
4900 0.718992
4900 0.696831
4900 0.695331

5000 0.725553
5000 0.733356
5000 0.736209
5000 0.717385
5000 0.746997
5000 0.732133
5000 0.730575
5000 0.731259
5000 0.726366
5000 0.740159
5000 0.739902
5000 0.750345
5000 0.748799
5000 0.738623
5000 0.745109
5000 0.730152
5000 0.719715
5000 0.745814
5000 0.738038
5000 0.736481
5000 0.766847
5000 0.742003
5000 0.743403
5000 0.737045
5000 0.773608
5000 0.746759
5000 0.731619
5000 0.773453
5000 0.713712
5000 0.733135
5000 0.739710
5000 0.741673
5000 0.757872
5000 0.739463
5000 0.719144
5000 0.752604
5000 0.740272
5000 0.732332
5000 0.746691
5000 0.742198
5000 0.748780
5000 0.730343
5000 0.719366
5000 0.743067
5000 0.736948
5000 0.720215
5000 0.739139
5000 0.763296
5000 0.736160
5000 0.733273


main execution time: 963.512853
